p_AccesscatentryId_25
948796,3074457345618826325,3074457345618824327,1404902,1382160,1206652,3074457345618785321,618161,1752160,1064336,1594231,626160,1594230,139591,726658,3074457345619329852,138204,1186176,618168,1655706,1081664,561189,999660,747658,1681188
3074457345619443819,3074457345618529334,3074457345619094229,1249654,727054,1653262,300151,1138164,3074457345618546821,1340213,726422,3074457345618835325,1655684,1503160,3074457345618622821,396585,727160,138546,3074457345618770853,139314,902156,1273708,1186156,476073,3074457345619553320
1182154,727444,1433211,444067,138316,1195712,3074457345619237827,3074457345619439319,3074457345618647079,436745,3074457345619271839,1195754,138976,3074457345619416835,274686,1008158,1011656,3074457345619094066,138767,1786168,1510154,3074457345619251825,138216,1723652,3074457345619067827
3074457345619416819,845657,726800,1629654,3074457345618560326,903614,3074457345619416821,1064460,613246,1272158,3074457345618980823,1732372,3074457345618801322,726794,138373,1108660,1471799,726328,3074457345619094041,1212813,1201152,1510156,3074457345618885821,836210,3074457345618794320
3074457345619441829,3074457345619496319,903500,3074457345619136335,1374156,3074457345619488331,139293,3074457345619094032,1049302,3074457345619369453,3074457345619035831,138559,453397,1556156,1688674,1764165,903535,1212744,3074457345618830323,1049182,476118,1270660,747659,138225,1484667
1260660,880166,1471739,3074457345618830327,138347,1094152,1111176,3074457345619589819,3074457345619692320,1674242,1085817,1433198,396796,949162,478174,1732676,3074457345618737833,1008161,3074457345619584823,3074457345618613349,3074457345619094132,1731670,890235,3074457345618785323,1049230
1688652,1081158,3074457345619144343,3074457345619094040,139547,139327,1213159,138960,3074457345619589821,3074457345619290819,138586,138551,1233345,911656,3074457345619682328,3074457345619067823,1081224,726820,726626,3074457345619416845,727322,1212825,1432477,3074457345618629823,3074457345618796321
872157,903688,1764173,482991,3074457345619094212,3074457345619584827,3074457345618866383,1261658,282155,139613,3074457345618624331,3074457345618901321,1035846,3074457345619279505,743672,3074457345619144323,1036156,905662,3074457345619005827,726976,1138158,1186194,836219,3074457345618878823,1711664
1174167,1108659,3074457345618812319,1008162,726834,3074457345619198821,440578,144155,1195154,1731676,139586,1623654,445569,3074457345618761819,405905,3074457345619271819,726894,3074457345618756823,3074457345618718885,3074457345618711877,1151653,3074457345619237841,903788,1285164,3074457345619594819
3074457345619441823,3074457345619200321,1273702,1433652,3074457345618580930,1655694,726544,726690,1094178,1094176,3074457345619608830,1260658,1160152,726472,1655698,136724,3074457345619478322,3074457345619190319,3074457345618512819,3074457345619682333,1792660,1717662,1273703,1186154,3074457345619094220
726638,726780,3074457345619094236,1374158,3074457345619219826,3074457345619388837,726868,3074457345619136331,1212738,3074457345619429371,1060665,3074457345618756827,10293,1297657,903518,3074457345619029827,3074457345619092858,747657,679657,3074457345619094020,1597657,925697,1484660,1638294,3074457345619202330
3074457345619271827,3074457345618737831,3074457345618564892,939674,446471,3074457345618639325,689660,1241804,3074457345619431827,1725155,3074457345619094036,1064369,3074457345619511321,1655664,3074457345619608828,905664,1681200,138240,3074457345619094211,1723656,1217152,1195674,3074457345618830337,700662,903577
1780656,3074457345619094155,1111248,3074457345619488327,3074457345618961821,1687211,1086688,726228,3074457345618721830,1792656,700664,1740664,503121,3074457345619094018,1130665,1331178,3074457345618580954,138388,3074457345619441841,1652155,3074457345618865820,1465657,3074457345619488325,274708,3074457345618830331
3074457345619094253,3074457345618529330,3074457345619251829,3074457345618792329,1050216,1711659,3074457345619098820,1050217,3074457345619439321,1633660,3074457345618837825,747662,1433206,1764168,727402,138187,3074457345619094045,1081666,3074457345619064819,939660,376241,3074457345619431821,1049192,1195708,1119652
1130678,3074457345618642851,3074457345619448343,138314,3074457345618719825,1094166,274706,407397,1711661,3074457345619144329,10363,3074457345619351833,1342152,3074457345619416843,391217,3074457345618483823,3074457345619351821,1633662,439635,3074457345618613337,726264,1294383,3074457345619144333,1195688,3074457345618756819
3074457345618711874,633653,453231,1310176,1160654,3074457345619094051,1140719,726642,3074457345619208361,3074457345619006415,1186178,3074457345618714825,1556158,3074457345618573827,3074457345619094055,583190,3074457345618837824,3074457345619488329,618164,3074457345619488323,1195760,3074457345618980829,561188,727374,726354
3074457345618951323,3074457345619094254,726460,3074457345618800829,138448,585375,468265,1049194,1035154,138981,726558,3074457345619136325,3074457345618730401,138961,1219156,3074457345619094228,3074457345618770829,1497658,3074457345618631825,3074457345618737823,1656152,3074457345619707821,3074457345619072327,727446,1164188
1156162,3074457345618990344,139165,3074457345619094105,3074457345619349327,1374174,3074457345619584825,361419,1081661,3074457345619451323,3074457345618477827,726804,3074457345619608825,726326,726560,561670,3074457345618529332,3074457345619006820,676654,1594663,3074457345619072326,1275188,3074457345618679819,1171154,1094172
3074457345619094024,3074457345619290821,452846,138219,1168831,1674237,3074457345619182000,922662,903784,3074457345619092842,3074457345619094224,3074457345619349325,3074457345619488333,1481156,1703154,3074457345618787329,726938,3074457345618580946,1681196,3074457345619661823,903696,3074457345618515333,482856,1409703,1655688
1498156,980656,871319,1133171,3074457345619443823,3074457345618912837,1683153,1655696,3074457345619303319,1549658,3074457345618935819,3074457345618800828,1027217,3074457345618613341,1527155,726550,807152,3074457345618613340,972349,3074457345619033344,3074457345618692829,727170,1094168,3074457345619094232,3074457345619349319
3074457345618878821,3074457345619326823,1133172,3074457345618774819,1049290,3074457345618507831,3074457345619094214,726440,138784,1253652,3074457345618616321,3074457345619033350,1212741,3074457345618685819,855291,3074457345619094037,3074457345619493821,3074457345618504821,747661,1777652,464738,1654171,1740656,726810,1049306
1114685,1673168,3074457345619136337,1777654,1212716,3074457345619663835,1633664,3074457345618787323,1404841,3074457345618504825,1016166,438229,3074457345618795328,3074457345618494833,1740652,3074457345619439343,1486168,1011257,1457673,1740654,138231,3074457345619511319,3074457345619694819,3074457345619094250,3074457345618580933
1676652,727408,689661,3074457345619094028,3074457345619349329,1510155,583191,1111230,3074457345618711873,727422,3074457345619094049,756318,3074457345619092859,3074457345619448335,1111198,3074457345619373335,3074457345618980827,3074457345618824337,3074457345618826327,561669,3074457345618880834,3074457345619448329,941664,1234682,727066
1212818,3074457345618877319,3074457345619475823,925696,3074457345619196323,3074457345618642863,1374178,743671,3074457345618984824,3074457345618477825,1530656,3074457345618928319,3074457345619094152,3074457345619391329,742164,726964,1111224,3074457345618560328,10276,3074457345618951325,1285166,3074457345618580928,1737156,726790,1111192
3074457345619094242,949168,1270656,138261,1064353,3074457345619136329,139194,3074457345619094065,3074457345619136319,1498157,3074457345618537823,3074457345619326827,1186192,1186198,139052,3074457345619094143,3074457345619053829,3074457345618980821,3074457345618984827,871320,1272159,3074457345618509821,618162,3074457345618490559,468272
1374658,1081662,3074457345619448323,844152,3074457345619584821,1374188,3074457345618699321,1764166,903783,3074457345618503822,3074457345618869447,727370,1734652,1213161,1442652,3074457345619005819,3074457345619448339,3074457345618529331,1308658,3074457345619561323,3074457345618795334,1655722,3074457345619094030,1471797,3074457345619094234
1133165,1432445,1086680,3074457345618639319,3074457345619094014,138325,3074457345618714826,3074457345618714824,1111154,1195156,3074457345619431841,1111242,1195740,3074457345619548819,1457691,3074457345619094233,3074457345619344826,3074457345618580934,3074457345618857321,3074457345618509820,1365652,903504,1681202,1673180,3074457345619584819
274709,941652,3074457345618515319,3074457345619094219,3074457345618770821,3074457345618922320,726988,727308,1049314,3074457345618709333,1094170,3074457345618629821,3074457345619351829,138151,1008160,3074457345619094227,3074457345618951319,3074457345619593820,1786160,618167,3074457345619429368,3074457345618576826,1740660,3074457345619491319,1767269
3074457345618515335,3074457345618624332,1195672,3074457345619391321,1780658,1098704,3074457345618526822,3074457345619005829,3074457345618880838,3074457345618857323,446559,3074457345619608831,139330,1594664,1767300,3074457345618712320,3074457345619416825,552479,1195155,3074457345618794321,1011657,445780,3074457345618770827,3074457345618869471,10338
3074457345619429409,3074457345618789819,1503158,3074457345618574825,1081663,796154,726548,3074457345619443827,3074457345619416847,3074457345618776861,3074457345619682330,561191,139560,3074457345619059320,726888,3074457345618477823,1594228,726198,3074457345619073824,1711666,1374184,3074457345619094153,3074457345619431829,1356154,3074457345619271847
1442159,727208,3074457345619454322,1599154,3074457345619373343,420054,867156,3074457345619094062,3074457345619094225,3074457345618684819,1552664,3074457345618689825,3074457345619431861,3074457345618792325,3074457345618867825,3074457345619514319,1433191,431185,3074457345619094056,3074457345619388610,3074457345619448327,1688666,1479154,1261660,3074457345619118833
3074457345619443831,1471771,3074457345619448319,1673171,3074457345619202327,3074457345618885823,1667652,1241818,3074457345618702319,3074457345618837823,3074457345618826319,1111186,3074457345618504823,3074457345619429370,1133169,3074457345619144319,3074457345618526823,3074457345619094237,726582,1432452,855258,1433207,137823,3074457345618770825,3074457345618642861
1552662,3074457345619429408,941654,3074457345618885835,1362510,137704,939658,3074457345618850819,3074457345619136327,3074457345619092857,484191,3074457345618529333,3074457345619053823,3074457345619193355,3074457345618613344,3074457345618619320,3074457345618613347,1138159,3074457345619094261,1261312,3074457345618476375,468085,3074457345618477829,3074457345618951327,1530655
3074457345619044824,3074457345618642895,999658,3074457345619237829,3074457345618792324,3074457345619101819,3074457345619529819,1792659,3074457345619431853,3074457345619094231,3074457345619094033,3074457345619094258,3074457345619369450,3074457345618756825,1111250,138320,743666,1780660,3074457345619094108,3074457345619094025,3074457345619431845,3074457345619431825,743670,389047,446555
