p_AccesscatentryId_2
137615,901039
784312,939656
941658,903728
726300,1138160
726510,1767250
867158,1633666
944652,1655652
1315652,903706,139133
561190,139638,1049312
1498155,1308657,139548
561682,1633656,1633654
726732,1264152,1111194
1688654,1594213,1138162
137433,3074457345619431863
3074457345619271825,914652
3074457345619451327,138573
3074457345619661824,948805
903746,3074457345618922321
1168836,3074457345618787319
1186200,3074457345618599346
1188154,3074457345619396338
3074457345618529335,1111246
3074457345618844321,1591153
3074457345618885829,1594220
3074457345619175322,1261661
726368,3074457345618535826,726215
282154,1767280,3074457345619094095
3074457345618642883,1234662,742160
3074457345619271837,1111234,727118
726590,3074457345618980825,1219155
871359,1241849,3074457345618974322
1130671,1186652,3074457345619429378
1655680,3074457345619439333,1064455
1688662,3074457345619094215,1673169
1702165,1673178,3074457345618674823
3074457345618770859,1688658,1254328
3074457345619136333,1673167,1195738
3074457345619092843,3074457345619439331
3074457345619094249,3074457345618718883
3074457345619094256,3074457345619431823
3074457345619237837,3074457345618654819
3074457345619249823,3074457345618737829
3074457345619369824,3074457345618885827
3074457345619612825,3074457345619564319
726896,561678,139380,138547,851152
138384,678154,1484662,926652,1744652
972321,1064320,932653,139379,1186170
1186166,1190153,1261663,903655,138548
1732336,1064395,1361152,466632,139039
1732356,1471808,137888,1395280,413644
3074457345619094217,726508,10354,919652
1495152,811152,1687212,1027209,1532652
3074457345618580943,1219154,10315,727242
1143673,727324,727056,3074457345618906319
138636,1111160,957696,3074457345619431851
3074457345618526824,742159,726856,1035850
3074457345618619321,139629,903506,1185152
726552,905666,3074457345619251341,1696155
999657,1111180,138372,3074457345618792327
139587,3074457345618880835,1740658,1532154
10308,3074457345619441825,3074457345618483821
10316,3074457345619237839,3074457345618622359
1655710,3074457345619329851,1481162,1270658
3074457345618878822,1049152,1234678,1213166
139612,3074457345618624327,3074457345618648821
3074457345618576827,726246,3074457345618770835
3074457345618674822,3074457345619237835,999661
3074457345619003319,726966,3074457345619073827
727236,3074457345619067819,3074457345619094141
1195736,3074457345618885833,3074457345619094019
1698654,3074457345618713401,3074457345618785325
3074457345618560329,1554652,3074457345619073826
3074457345618718891,1370168,3074457345619451321
3074457345619202326,3074457345618800830,1764172
3074457345619251342,1370158,3074457345619431831
726662,726744,3074457345619622819,903516,476075
3074457345618768331,1287278,10306,550449,1195726
3074457345619373338,905656,726592,138527,1142654
726808,708660,3074457345619441831,726188,1655692
1599153,903515,3074457345618599340,927652,1687200
1655672,903632,3074457345619443829,1258193,756310
1711660,1703152,3074457345619351823,726802,561679
726816,1655660,1633652,3074457345619596824,726870
756319,3074457345619092855,1241868,1409704,871470
1433210,1273706,3074457345618974323,138269,1234674
1655716,1454192,3074457345618830339,1374160,726480
139059,727436,3074457345619000321,3074457345618692827
1432466,1213162,1503156,1273707,3074457345618830335
1481164,10339,3074457345619431835,3074457345619373332
3074457345619094048,138750,138311,3074457345618869469
138244,1234664,3074457345618689819,3074457345618719824
1556160,3074457345618556323,763170,3074457345619064821
3074457345618565331,3074457345618712321,1270659,949152
3074457345619668320,482751,3074457345618942819,1072215
466630,1241823,3074457345618689823,3074457345618564878
3074457345618907819,1655700,3074457345618711872,1272157
3074457345619094216,1556162,3074457345619177829,1212723
903576,10294,3074457345619373334,947654,3074457345618537825
3074457345619491321,643233,3074457345619202325,10359,1094162
1111252,633654,139558,3074457345619682331,3074457345618576833
136658,3074457345618795330,3074457345619612823,1673179,726388
137575,3074457345619094050,137053,1631174,3074457345619092848
3074457345619094260,948903,3074457345619431857,903705,1111256
3074457345618616322,3074457345618824325,1130674,1490160,454909
3074457345618504819,727156,3074457345619094064,3074457345618572321
3074457345619094259,3074457345618689827,1124746,3074457345618825319
3074457345619144321,3074457345618756821,1081216,3074457345619443833
3074457345619618319,3074457345619431833,444173,871335,3074457345619351831
762652,3074457345619271833,3074457345619099821,365147,3074457345619661825
3074457345619136323,1188158,948800,3074457345619247325,3074457345619448345
1370162,3074457345618721836,3074457345619279503,3074457345619473819,1234666
1370164,3074457345618875020,1130675,3074457345618515331,3074457345619145819
1550658,3074457345618994322,1186174,3074457345618768333,3074457345618885819
3074457345618869819,1081659,3074457345619351839,1594229,3074457345619441819
3074457345619439325,1111254,3074457345618830325,1064441,3074457345618833319
1715658,3074457345619351827,3074457345619094016,3074457345619247323,3074457345619094222
3074457345618912845,3074457345618770831,1285158,3074457345619094247,3074457345618830333
3074457345618624329,3074457345619563357,3074457345618580927,3074457345619594821,3074457345618801324
3074457345619416839,3074457345618535827,3074457345619014383,3074457345619594825,3074457345619094230
