p_desktopscatentryId_25
1168152,1345693,3074457345618499823,3074457345618498336,1169159,903758,3074457345619385327,1392658,1095652,1145682,1456658,1373157,1482168,1634678,871458,1133170,1047675,903735,3074457345619633325,3074457345618498331,3074457345619014823,871453,903574,836236,1601659
3074457345619406827,1154665,1345694,3074457345618856337,903642,903617,871444,3074457345618902328,871322,1326678,3074457345618547829,871431,3074457345618589826,3074457345619000824,903483,836240,1612669,977152,903592,1025152,3074457345618998824,1746658,871397,1746661,903620
903628,903580,1291172,903723,1345674,871479,3074457345618902326,339652,871334,3074457345618991875,1169161,903732,3074457345619334844,1426154,3074457345619587331,688152,3074457345619629318,1339661,1102155,3074457345618585321,3074457345618922818,1736155,923154,920153,920155
689154,839174,3074457345619061821,988159,689153,839156,1339654,3074457345619699824,1029656,3074457345619288818,1138659,960664,629155,1004657,3074457345618938822,3074457345618968319,1336651,3074457345618968322,1426159,988151,814152,1122151,3074457345619024820,988156,246151
1445652,836212,1642653,1775654,1345675,871363,1463658,3074457345618854345,1075681,1616686,3074457345619359335,871407,3074457345618790823,871435,1583158,836230,3074457345618995347,1145677,1130676,903776,3074457345619025843,1005660,903757,3074457345618790824,3074457345618498332
3074457345619381819,3074457345618585320,621151,1210151,1004659,1055652,1102153,839166,1337652,978651,976152,3074457345619026818,1339664,1210152,1339658,3074457345619317819,1175151,3074457345619472822,1102151,3074457345618569318,913653,1443653,1426155,3074457345619573821,1455153
871391,1695179,1634693,1642152,903755,3074457345618519326,871447,1068678,943663,3074457345618589827,871357,3074457345619530826,1634691,1045179,871465,3074457345618970834,3074457345619266320,871429,903724,903763,3074457345619341328,1154663,3074457345618995343,3074457345618991869,871351
836214,871455,3074457345619328835,1145691,871473,3074457345618493819,3074457345618843320,871402,3074457345618991857,3074457345619319330,1047680,1345673,1074171,3074457345618499822,858659,1784652,1345678,871327,3074457345619337331,3074457345619334842,858663,1634694,1086702,1374656,1746659
3074457345619307822,1414156,1014156,1689654,896666,3074457345619388836,1612663,3074457345619395821,3074457345618991873,1737667,871437,1738652,1154666,3074457345618498337,1634673,3074457345618848836,1045186,3074457345618627321,1634683,903597,1720664,1720668,3074457345618659821,1319654,903524
3074457345618715820,903490,3074457345618822819,3074457345618866830,3074457345618866834,1469653,871423,1414155,3074457345619319329,3074457345619348328,1145689,1656664,903595,1145674,1074175,903794,871392,1345677,3074457345618848829,903624,1612666,3074457345618583822,3074457345619533327,871466,1695180
3074457345619025832,1638662,3074457345619406832,1414154,1475163,1549660,3074457345619279835,1074169,3074457345619269333,1145687,3074457345618866837,871336,903529,1275655,3074457345619045823,1068672,871321,1654656,3074457345619025845,1075680,871439,3074457345619000826,871372,871411,3074457345618474325
1656658,3074457345618715821,903545,1137182,1689653,1345687,3074457345619406831,1345689,903532,1224164,3074457345619244824,1583155,1456660,1737664,1638667,3074457345618474327,3074457345619314823,3074457345618965819,1765152,3074457345618543829,3074457345619533330,903689,1634685,903601,3074457345619025842
1642654,3074457345618498333,3074457345618583823,3074457345618848832,871441,3074457345619438319,1475162,871364,1066152,871445,903664,3074457345619196327,1145676,3074457345618970828,3074457345618583825,858664,943669,903748,1746663,3074457345619516338,3074457345618514828,1145678,903740,871425,3074457345618902325
903644,871477,1316661,3074457345618991862,3074457345618519331,1107652,3074457345619319325,1631652,903714,3074457345619334838,3074457345618991863,1047666,1047678,1791157,1763151,3074457345619348325,3074457345618991849,3074457345618474324,3074457345619344825,3074457345619533333,1086700,871448,274700,871412,1514654
1434154,1122155,629153,1128653,3074457345618938832,839175,3074457345618968321,1004658,1632152,1047674,3074457345619166324,1345682,3074457345619533328,3074457345618902329,871457,1394659,3074457345619503320,3074457345619025839,871389,1047668,3074457345618970827,1145688,903496,3074457345618991856,3074457345618854350
858665,1722652,1047667,3074457345618472319,1061156,3074457345618790822,3074457345618790825,3074457345618866831,1154667,836206,1374657,871469,1702167,3074457345619279832,1634680,1483652,674653,3074457345619406829,1045181,3074457345619633324,1634686,3074457345619359328,3074457345618613343,3074457345618514832,1154668
3074457345618472319,1061156,3074457345618790822,3074457345618790825,3074457345618866831,1154667,836206,1374657,871469,1702167,3074457345619279832,1634680,1483652,674653,3074457345619406829,1045181,3074457345619633324,1634686,3074457345619359328,3074457345618613343,3074457345618514832,1154668,1656661,3074457345619328837,871486
3074457345618665319,3074457345619359334,3074457345618514830,943662,836208,871362,3074457345619025837,858661,3074457345619498827,1638668,3074457345618854360,871427,871395,3074457345619341332,3074457345619000829,1753659,1573652,1145690,3074457345619055323,3074457345618854369,3074457345619279833,3074457345618995344,1753657,871408,3074457345619244826
3074457345619533329,1145686,1392655,871339,1047670,3074457345619388833,1075685,3074457345619547820,3074457345619633326,3074457345618902327,3074457345619341329,147160,1663154,1047671,871360,3074457345618514827,1634688,3074457345618543832,1241152,3074457345618543830,3074457345618991874,3074457345618854368,3074457345619348324,3074457345618547827,1394663
707654,903629,3074457345619033820,871459,3074457345618866833,1612667,3074457345619025844,1663153,1454657,3074457345618537825,3074457345618854361,3074457345619000825,3074457345619530827,3074457345619348326,3074457345619626331,871381,3074457345618917323,871472,3074457345619560339,3074457345618519330,1068675,707653,3074457345618991866,836223,3074457345619359329
