p_topmodelscatentryId_2
1075672,903701
943664,903761
726390,726756
138847,139035
137994,139206
139285,138419
348659,138664
763166,139240
1047677,685657
1612662,871436
907655,1402651
907654,1208652
903652,1634682
903789,1301152
903616,1634676
1102153,839166
456219,1161655
706654,1218181
903624,1186158
871376,1075671
1081664,871378
1630654,903560
1654657,836232
727170,1094168
727164,1503152
1064460,613246
1433193,138272
944652,1655652
1571680,139597
1021665,1292656
1050660,1045197
1150161,1796151
1583155,1456660
1004659,1055652
1111152,1669162
1217152,1081396
1720662,1154664
1683153,1066152
1234678,1550658
1342158,1207674
1723660,1091668
903729,871330,903699
903543,871384,979154
138546,139314,902156
1631189,10325,139303
871324,689658,1075675
810155,1349152,246152
903779,1374188,871416
945160,1012658,836239
583191,958656,1049208
1074168,871327,903782
1012663,468082,836224
980654,1014155,903664
1045183,903536,903510
250172,1471738,499631
726440,138784,1253652
791679,138182,1275198
996165,1294659,1594661
1045185,1297659,871349
1706652,1497663,903509
837154,1111168,1186200
1012660,1345678,903543
903607,1020159,1520156
1471807,1471803,138971
139379,1711660,1703152
1068156,1634237,446530
1297284,138234,1072212
1013252,1297291,443006
1767162,1382162,586657
1614656,903602,1616683
1367152,1322151,1079154
1317651,1553151,1158153
1305652,1426152,1487156
1075676,1023166,1195730
1454656,1195770,1705666
1070652,1081254,1230203
1049338,1081659,1156166
1049212,1091665,1409703
1224166,1075681,1099166
1094154,1016158,1016164
3074457345619134824,903513
3074457345619616322,903517
3074457345619437319,810154
3074457345618920326,719651
3074457345618970835,871471
903654,3074457345618991851
871388,3074457345619406828
943665,3074457345618506319
871395,3074457345619341332
447807,3074457345618575845
466628,3074457345619061338
3074457345618741324,982652
3074457345619612823,903749
836208,3074457345619363322
137433,3074457345619431863
365147,3074457345619661825
3074457345618622821,727160
3074457345619429382,138317
3074457345618891819,727188
3074457345619334835,1644154
1075686,3074457345618975319
3074457345618490829,1145683
3074457345618802321,1737666
3074457345619025835,1392656
3074457345619000829,1753659
3074457345618700319,1145684
1395659,3074457345619196325
1153154,3074457345618504827
1273708,3074457345619033361
1689654,3074457345619029830
3074457345619432831,1683154
3074457345618770835,1308657
3074457345619676336,1404902
3074457345618590823,1081356
3074457345619561324,1681180
3074457345619344826,1365652
3074457345619673826,1764164
1629654,3074457345618560326
3074457345619682329,1285160
1115157,3074457345619594827
1133166,3074457345618854352
3074457345619623324,1616702
3074457345618721835,1137169
3074457345619243819,1616152
274683,139122,138745,137945
541691,250187,138790,138751
738652,871358,871460,1616692
903663,903758,996160,1075672
903589,1091672,703250,446554
1049270,871442,361094,903629
10315,727242,1702165,1673178
1113160,138780,137568,541673
138834,139247,402604,1779196
1024159,903640,903611,1045198
903623,1116152,1381652,903553
903549,1086684,903682,1729160
903499,354651,1520158,1088657
833151,1327156,907683,1138652
871483,1374158,1737152,871360
1594220,1498155,139548,872157
854572,1018823,1119656,541682
1470678,903777,1179653,1794655
960661,1760654,1052161,1150156
1669168,1583157,1045189,871365
907672,907658,3074457345619143819
960658,909653,3074457345619203821
544652,871382,3074457345619269329
1345683,1622665,1737669,1371154
903724,903763,3074457345619341328
3074457345618866839,871434,787656
871424,903680,3074457345619284328
3074457345618866834,871428,903682
3074457345618898823,903545,871366
3074457345618917323,903616,903554
726392,139564,3074457345619661822
3074457345619290819,138586,138551
726354,939656,3074457345619443831
344651,3074457345619402836,1461652
3074457345619257819,871422,1702163
871377,3074457345619669330,1218172
231653,1522153,3074457345619203819
836221,1655678,3074457345619303848
3074457345618613351,1045198,871455
3074457345618709333,903580,1111164
903593,1224163,3074457345618590845
3074457345619556819,1145686,871351
3074457345619094014,138325,1195156
726694,1723658,3074457345618830321
3074457345619473819,1234666,726510
3074457345619290821,138219,1168831
3074457345619648319,1464652,138268
3074457345619240839,138683,1230179
3074457345619130454,1386166,446512
137604,1297283,3074457345619485875
1270239,3074457345619211327,359950
1099173,836242,3074457345618599819
3074457345618507825,1315154,1291178
1037159,1218179,3074457345619669327
1454656,3074457345618856335,1216177
1737664,1638667,3074457345618474327
3074457345618970833,1372156,1326675
1573652,1145690,3074457345619055323
3074457345619530826,1634691,1045179
1210152,1339658,3074457345619317819
1612663,3074457345618711323,1081158
1156159,1169166,3074457345619279836
3074457345619348326,1482169,1616695
3074457345619055323,1753659,1475162
1111228,3074457345618616322,1324674
3074457345619033344,1638666,1037159
1753658,3074457345619328835,1266163
1186192,3074457345619349325,1023173
3074457345619432828,1216181,1145687
3074457345618869467,1086693,1234670
1470665,3074457345618886819,1678654
3074457345619374831,3074457345619720323
3074457345619516343,3074457345619132827
3074457345619374838,3074457345618932322
3074457345619662322,3074457345619516349
3074457345618490828,3074457345619385329
3074457345619045823,3074457345619136327
3074457345619374830,3074457345618970829
3074457345619000825,3074457345619285326
3074457345618991859,3074457345618773327
3074457345618718879,3074457345619449333
3074457345618773326,3074457345618730823
3074457345619406830,3074457345619025837
3074457345618853825,3074457345619416833
3074457345618633840,3074457345618907821
3074457345618825319,3074457345619094215
3074457345619597319,3074457345618856334
923155,622152,1632153,839168,839169
139594,138968,138760,139119,1411156
903656,1216185,871323,1021663,871483
1045200,903654,880166,871429,1049194
1049266,871423,446469,903530,1681152
364382,903691,452411,1638664,1616698
903798,395824,1759154,439635,1432466
1313651,1150154,882151,1217652,907689
1348151,1485652,907664,1208651,910651
903561,1654660,1145676,871332,1735656
10306,550449,762652,3074457345619271833
3074457345619094217,726508,10354,919652
777164,1122154,1004653,1029661,1339653
446475,1612665,1678654,1195752,1111222
856652,3074457345618631827,727010,727004
726808,708660,3074457345619441831,726188
3074457345619351823,726802,561679,872159
139168,3074457345619373331,10334,1740662
348658,139242,138356,3074457345619209345
3074457345619251344,139249,139262,348652
903488,692654,836228,3074457345619238821
1291172,1099169,1216179,1086689,1597656
3074457345619270319,909654,998654,1383151
442449,3074457345618991857,1195726,903656
727012,1786158,3074457345619094241,139369
138373,1471799,726328,3074457345619094041
3074457345618504821,747661,464738,1740656
1240175,139205,3074457345619240837,139178
138403,791670,3074457345618595844,1230177
138700,3074457345619094834,1213160,138556
1156160,1800152,3074457345619560348,903695
3074457345619057821,1220656,1063154,945165
1612668,1687654,3074457345619369825,871420
674654,1045180,3074457345618713819,1343158
1175651,3074457345619061818,1122153,920151
958655,1260670,1213161,3074457345619348324
1794656,3074457345618494833,1145672,980655
775665,1086696,1186164,3074457345618800828
1465657,274708,3074457345618830331,1241823
1655700,1272157,727236,3074457345619067819
1272158,3074457345618980823,1732372,726794
1409713,3074457345618830329,138053,1370152
1614655,3074457345619516352,1447153,1218177
1616698,1470673,1447154,3074457345618604824
3074457345619623823,1305657,1078652,1305654
1074168,1746664,3074457345618547833,1482162
1068665,3074457345619334845,1583156,1014659
1426158,1578654,3074457345619573819,1736154
1490157,1412668,1695174,3074457345619578825
1616681,1447153,1395276,3074457345618711872
3074457345618599339,1074172,1099168,1395658
1216184,3074457345618604823,1027654,1720662
1075670,3074457345619267837,1126668,1287654
3074457345618773326,3074457345618856343,551655
998652,3074457345619366819,3074457345619343821
3074457345619449327,3074457345618851833,871350
836231,3074457345618770825,3074457345619530826
999661,3074457345619094256,3074457345619431823
137933,3074457345619106319,3074457345618768323
3074457345618553838,679662,3074457345618546839
3074457345618674821,359847,3074457345619673829
3074457345619555323,903530,3074457345619013820
3074457345619214323,903781,3074457345619591319
3074457345619209826,3074457345618565340,1594659
3074457345618862332,1050659,3074457345618709332
1159152,3074457345619374830,3074457345619014822
1099174,3074457345618895337,3074457345618575851
3074457345619623820,1582152,3074457345618510325
3074457345619359333,1326677,3074457345619307824
3074457345619000828,3074457345619029830,1456656
3074457345619314823,3074457345618965819,1765152
3074457345619055325,3074457345619319327,1333152
3074457345619496319,1111240,3074457345619374834
1111196,3074457345618734819,3074457345619561323
3074457345619432829,3074457345619516353,1081660
3074457345619395821,1634684,3074457345618903827
1169163,3074457345619516348,3074457345618835325
3074457345618515335,3074457345618624332,1780658
1098704,3074457345619005829,3074457345618880838
3074457345618935819,1027217,3074457345618613341
3074457345619431829,1356154,3074457345619271847
1241818,3074457345618837823,3074457345618826319
3074457345618490830,903717,1209163,579660,945159
871461,1045191,3074457345618507830,903621,836209
958657,3074457345618711322,903542,903726,1182652
1681158,904660,871430,836236,3074457345619516347
871363,1753657,3074457345619319325,903780,903719
3074457345618785325,137615,901039,1064320,932653
1233345,911656,3074457345619067823,726820,726626
138695,3074457345618772906,1072208,138199,139280
138558,361423,1340214,137937,3074457345619130410
137582,138634,3074457345619393344,1297281,138702
1218175,871417,903731,3074457345618741329,1752167
3074457345619284329,1194152,903680,1005661,871418
907700,981651,3074457345619656318,1367151,1309653
663651,1450655,663653,1408151,3074457345618513319
1337652,978651,976152,3074457345619026818,1339664
400009,903511,1037163,3074457345618770849,1737670
1374180,871345,3074457345619416831,871369,1023171
903796,1049204,3074457345618848834,1654174,903597
1111242,871434,3074457345619329861,1086695,903598
1792656,700664,1740664,503121,3074457345619094018
139330,1195155,3074457345618794321,1011657,445780
300151,3074457345618546821,1340213,726422,1503160
1702168,985154,138371,1064413,3074457345619627319
903600,1133166,3074457345618854352,1470670,1216183
1458175,3074457345619623326,871326,1216178,1520156
1086695,903556,3074457345619303843,1218183,1616690
1416652,3074457345619700819,1520155,1086687,903677
1305653,3074457345619203818,1147153,882152,1158157
1434154,1122155,629153,1128653,3074457345618938832
1261664,3074457345618851841,665244,1068669,1681188
703251,1008159,3074457345618627321,1005657,1195702
3074457345618848830,1081238,1049290,871444,1294658
3074457345619443825,136726,1731668,1652154,1792658
904660,1073656,1527157,3074457345619457327,1182155
1287653,1782156,1209172,3074457345618888819,1755152
3074457345618753827,836216,3074457345618808321,871367
871465,3074457345618970834,3074457345619266320,871429
871459,871398,3074457345618637319,3074457345619285329
561683,3074457345618686632,3074457345619682332,139609
139167,727158,3074457345619094116,3074457345618805825
3074457345619094048,138750,138311,3074457345618869469
3074457345619169371,274690,446531,3074457345618645566
871356,3074457345619429819,3074457345619253822,945163
3074457345619314824,836231,3074457345619388829,809154
3074457345618565343,1496154,3074457345619642323,925698
3074457345619560343,3074457345618753825,896660,1218184
3074457345618753831,1644155,3074457345619209824,836211
3074457345619284327,1224160,3074457345618903322,842153
1327152,3074457345619288318,589651,3074457345619366821
3074457345618543829,3074457345619533330,903689,1634685
903601,3074457345619025842,3074457345619337326,1395660
1154663,3074457345618995343,3074457345618991869,871351
3074457345618753830,3074457345619612825,1331178,903483
484736,3074457345619449331,1225655,3074457345618991861
3074457345619457323,3074457345618753831,1008158,871478
903574,3074457345619432827,1142654,3074457345618519329
871479,1470669,3074457345618546835,3074457345618995339
775667,3074457345618852819,1005658,3074457345619132829
871387,3074457345618707319,1081344,3074457345619596824
1673180,3074457345619067821,727456,3074457345618689821
1764173,3074457345619094212,3074457345618866383,282155
138492,1433192,3074457345619431837,3074457345619237819
1652156,726854,3074457345619373337,3074457345618901323
1616700,1086691,3074457345619343322,3074457345618730822
1394661,3074457345618854354,3074457345619449327,1549659
3074457345619453322,1497664,1685652,3074457345618837827
1175151,3074457345619472822,1102151,3074457345618569318
3074457345619307823,3074457345618853835,1688652,1049306
3074457345619303850,1642653,3074457345619344825,1111166
3074457345618659821,1111182,3074457345618642923,1510155
3074457345618613335,1737663,3074457345619033350,1068675
1469654,3074457345619284334,1049228,3074457345618718885
1020157,3074457345619025845,3074457345619284335,1111208
3074457345619177829,1212723,1086680,3074457345618639319
3074457345619449331,3074457345619386819,3074457345618613350
3074457345618854369,3074457345619279833,3074457345618995344
3074457345619431841,3074457345619548819,3074457345619094233
3074457345619014367,3074457345618674822,3074457345619237835
3074457345619094141,3074457345619094259,3074457345618689827
3074457345618869471,10338,726300,3074457345618768331,1287278
726550,807152,3074457345618613340,972349,3074457345618692829
726810,3074457345619661824,948805,3074457345619431833,444173
1616704,3074457345618741325,828155,903720,3074457345619267831
3074457345619251341,871353,3074457345618599340,855258,1634687
1241849,3074457345619092843,3074457345619439331,845657,726800
3074457345619444968,138599,464743,1113161,3074457345619287334
1346655,3074457345618575861,903559,3074457345619676341,1086701
3074457345618565341,1161655,1036155,3074457345618881821,903796
3074457345619623327,1086694,3074457345618565337,958656,1382157
685659,1224162,3074457345618884319,3074457345619369823,1153154
1610652,907652,3074457345619037818,1450659,3074457345619715318
1434151,998656,1205652,3074457345619074326,3074457345619384332
594151,3074457345619288320,3074457345618510326,1165157,1485151
903585,3074457345618834324,1482165,3074457345619359332,1634681
3074457345618991871,3074457345619621319,1343160,1702166,871350
1753657,871408,3074457345619244826,1291170,3074457345619547821
3074457345618490833,871413,3074457345619406827,1154665,1345694
839175,3074457345618968321,1004658,1632152,3074457345619430334
3074457345618853841,1573652,1642152,438590,3074457345618575852
3074457345619307822,1195684,1081402,3074457345618509821,903532
3074457345619349319,3074457345618866836,1470670,1688662,454898
1195768,3074457345619328832,903586,3074457345618477827,1044654
3074457345619488333,903699,1073655,1081174,3074457345619006415
1195738,3074457345618725319,717661,1049190,3074457345618711865
344651,3074457345619402836,1461652,3074457345619669334,1075678
1353653,1374184,1734652,3074457345619676331,3074457345619334832
1261658,1145691,3074457345618642857,3074457345618576833,1216184
1471800,3074457345619271853,1285170,3074457345619271857,1056168
1471771,3074457345619448319,1673171,3074457345618885823,1667652
1470670,1216183,3074457345619334835,1644154,3074457345619374831
3074457345619004822,3074457345619669332,1669169,1470674,1088658
871385,3074457345619676330,3074457345619259321,3074457345618730823
3074457345618995336,903734,3074457345618852819,3074457345619341330
3074457345618642919,903745,3074457345619449326,3074457345619285325
3074457345618915124,137764,3074457345619094081,3074457345619094257
3074457345619328830,903693,3074457345619119823,3074457345619238820
3074457345619600829,1307656,3074457345619374837,3074457345619267836
3074457345618730824,1216171,3074457345619560347,3074457345619334836
3074457345618642917,3074457345618477821,1767656,3074457345618970827
3074457345618689823,3074457345618564878,3074457345619094216,1556162
1285168,3074457345618878821,3074457345619326823,3074457345619094214
3074457345618616321,1212741,3074457345618685819,3074457345619094037
3074457345618711321,3074457345619108321,1209164,3074457345619285324
3074457345618726823,3074457345619134825,903700,903523,3074457345619328834
234666,3074457345618693319,3074457345618938829,3074457345619699821,913661
3074457345618994322,3074457345618768333,3074457345618885819,138384,678154
726648,3074457345619580323,3074457345618880836,3074457345619003319,726966
949170,3074457345618580942,3074457345618560327,138301,3074457345619351837
1045187,3074457345619328829,903581,3074457345619436821,3074457345619432830
1616684,871369,3074457345619343325,3074457345619061338,3074457345619498824
3074457345618580954,138388,3074457345619441841,1652155,3074457345618865820
1188158,948800,3074457345619247325,3074457345619448345,3074457345618907819
1593652,3074457345619615823,3074457345619251824,936652,3074457345618862328
1344154,3074457345619516351,3074457345619588823,3074457345619303837,1099173
3074457345619267835,3074457345619616321,1021662,1153153,3074457345619697319
3074457345619055326,3074457345618970832,1720666,3074457345618519329,1068666
1212813,3074457345618885821,3074457345618794320,3074457345618580943,1219154
3074457345619094029,3074457345618826323,1471805,3074457345619400823,1653258
3074457345619014383,3074457345619594825,3074457345619094230,3074457345618869463
391500,3074457345619329856,3074457345618507825,3074457345618792327,3074457345618483821
3074457345618721832,3074457345619343324,903604,3074457345618664323,3074457345619335822
3074457345619067825,3074457345618925321,941656,3074457345619429380,3074457345618980819
854503,3074457345619237831,3074457345618786319,3074457345619443821,3074457345619094038
1053666,3074457345618862327,3074457345619285325,3074457345619560345,3074457345618895335
3074457345619396819,3074457345618575852,1527158,3074457345619267838,3074457345618721832
1195698,3074457345618642871,3074457345618902326,3074457345619005831,3074457345618761819
3074457345618853837,3074457345618642825,3074457345618795333,3074457345619136339,1133168
3074457345618773328,3074457345618641825,1737664,3074457345618642867,3074457345619416849
1294383,3074457345618756819,3074457345619441829,3074457345619094032,3074457345619035831
3074457345619004824,3074457345618496321,1045200,3074457345619676339,3074457345618753826
