p_CustomerSearchByPhone
3456789012
3456789013
3456789014
3456789015
3456789016
3456789017
3456789018
3456789019
3456789020
3456789021
3456789022
3456789023
3456789024
3456789025
3456789026
3456789027
3456789028
3456789029
3456789030
3456789031
3456789032
3456789033
3456789034
3456789035
3456789036
3456789037
3456789038
3456789039
3456789040
3456789041
3456789042
3456789043
3456789044
3456789045
3456789046
3456789047
3456789048
3456789049
3456789050
3456789051
3456789052
3456789053
3456789054
3456789055
3456789056
3456789057
3456789058
3456789059
3456789060
3456789061
3456789062
3456789063
3456789064
3456789065
3456789066
3456789067
3456789068
3456789069
3456789070
3456789071
