p_ChangeZipCode
94085
11385
98663
34604
92009
83716
78660
83686
84040
83236
95817
91103
83714
27511
11721
11721
98033
97015
15642
40299
91356
91340
90291
75009
76016
60564
55076
77356
77429
75701
75703
75701
48188
20147
46168
46168
52042
52042
48917
99515
75068
50222
50222
50222
30097
30144
30009
78682
31513
11235
33445
80498
98087
80134
34638
85295
98103
59105
91710
44444
30066
71112
77024
70605
70605
95405
78373
78373
91042
31405
33498
77013
96822
75080
75252
17110
97321
60436
78739
54227
34235
81327
10017
78213
78213
72034
80528
56470
32448
32446
84119
80120
80013
80120
95406
98223
11214
53590
53718
14020
75225
12306
98684
17901
60126
74728
30643
49120
60445
54868
92596
33573
33609
33584
33596
33511
33619
33803
33619
33619
91406
96822
67219
78609
46240
83709
83686
55115
32256
32256
59327
59327
08759
08752
08721
08753
08723
07728
08759
08742
77042
54767
44118
10023
06759
29568
11960
08087
90740
80654
11375
07840
07820
32073
77055
77055
94087
91320
96819
96792
96792
96791
16412
14086
32162
03051
03907
33544
02120
07726
52041
27560
27560
30017
21084
20191
77477
07604
11417
02575
95820
30012
30016
59526
06492
37205
10549
81092
21037
61362
49503
95682
49423
96782
20016
78660
28204
28204
95118
20151
92037
75964
76259
10533
95404
48301
48301
35773
02375
97034
57345
57345
33409
85283
55118
98607
96720
84532
47130
18615
95648
21236
47203
85387
97212
31015
06032
92870
21742
80550
76513
76513
48377
36345
96749
34769
34772
91301
94305
91763
07747
34145
34212
62864
07008
07008
60453
44077
99518
19061
07728
61866
54401
96740
37086
48310
55403
76548
03031
39465
46970
80525
43017
48236
83669
29650
77379
83860
49617
21791
98607
48088
92122
48473
90505
77375
30341
78727
83644
03031
77386
83713
80534
85331
94030
22207
74070
20176
94040
95037
98252
83616
97322
75070
97212
91913
20136
83646
97355
78730
77355
02492
77433
95008
97330
30518
83704
77063
83714
01749
83616
55386
98686
83714
97217
95135
80538
94538
10028
94579
08840
77065
97330
94040
92116
95070
83702
98682
45068
97321
97330
98117
97221
97333
40356
83642
98607
77433
01748
92656
97348
77379
83622
83709
43017
97007
83713
92116
07307
60540
40515
97212
94087
03872
92102
92131
83616
98607
30009
77064
95130
97330
83634
11758
97403
83716
98329
97217
97330
83704
94087
83709
83642
98686
97330
97214
77375
80634
83704
80547
92064
98607
77389
77385
40514
92069
94087
77382
95014
95129
77379
92128
92106
83644
77095
34613
77070
77429
77070
98682
98683
60623
60623
60623
85346
59935
85346
45215
20705
33573
18472
33158
98683
83714
14853
80528
92648
94103
93004
98683
93940
92127
11932
92127
83714
11201
18072
94544
90274
80526
94019
77377
94304
19810
92618
10023
27518
98823
91354
92127
19380
63146
78746
15220
55395
20004
11207
92127
77598
90039
10018
50325
46260
97330
80528
77070
77384
77063
85614
97124
97330
13343
10012
29745
11226
70125
63304
93103
19382
94019
94019
94123
08904
92126
24015
92008
01742
34639
92128
63118
20814
96814
92113
72034
94089
77024
91910
07922
78735
47130
30084
92127
97220
80504
34601
80204
03301
46312
46407
92657
97842
28667
95060
95062
98042
96753
98087
80919
12420
49087
85268
85935
38116
46350
08820
46173
76148
27613
55947
63088
63088
12481
84120
07901
07920
27603
14171
30102
64052
30316
20721
10075
96761
60645
92694
34448
95403
70433
77389
53188
34222
92103
44406
60152
44312
89706
32712
98074
46240
10018
08628
31411
78009
93433
03465
65109
89141
06002
33594
43147
32763
96814
28562
59038
59858
59501
77082
62523
95320
95320
80202
65301
70447
34683
06037
98072
34219
34761
22304
22304
43004
96720
22903
14051
34748
17584
11763
55746
55746
55376
55746
07092
99686
07928
10282
11580
11580
11580
20816
92081
92081
78660
22901
37398
18976
56081
61525
18951
53119
92507
19104
19453
30024
75039
83687
86336
02347
97520
96766
19075
95014
77479
49001
84663
94546
95301
46123
11787
96790
35953
07976
93955
33710
34986
82601
28277
85020
92646
84737
95973
21047
73102
34771
20106
53562
21030
11103
11210
89101
43015
29672
67502
02446
92101
01057
12569
10016
60612
89149
12420
11762
89436
89118
17361
45371
95453
20008
60089
73071
22180
11554
07071
06830
80537
61013
98103
85208
61704
12477
33132
97385
60616
77098
20774
34691
96705
27915
30038
43512
31052
97229
17101
26070
21244
81505
77061
76112
60604
28681
95969
03063
46953
03042
38016
48322
78759
46804
48125
78751
10128
10573
20194
66216
91020
98040
65251
44122
10451
48461
08854
48160
19073
43110
72461
79121
75859
19930
01719
11241
30024
03106
32114
10019
13850
06070
95602
95608
10024
74825
06851
19111
24333
01833
91006
21804
02721
60616
21012
77407
20745
02445
95006
39208
95006
20005
43062
94577
11787
33931
18103
60521
80220
33319
75051
94040
16922
76208
64064
80831
07110
77445
90069
12020
98105
91384
49660
29118
19120
97601
30152
60087
32566
20005
11218
78109
85037
32605
94109
30068
71067
28789
64744
20874
10010
11216
10038
77002
75495
72730
34103
17022
44312
29072
55126
02145
01720
95991
75062
22903
59901
64501
58703
02818
29429
76051
10605
97045
19006
11210
19020
17110
77338
99559
40004
78739
13601
77578
83864
23464
17922
77339
19036
83714
13617
77093
11220
49301
68154
48154
97526
30044
11361
33594
37406
94536
80027
21530
78669
90211
32571
11373
10027
28658
85004
92064
14226
32802
32159
20707
91606
32084
78758
90505
32259
60527
97068
12170
77505
60640
06340
10312
20720
15330
48423
20770
82901
48640
91780
92126
45644
83835
87410
10027
47119
27513
35603
23321
55008
38401
38104
34949
91405
11040
87031
30909
95129
03044
22303
22306
19103
03062
43015
70808
87529
72715
94947
31021
12144
46835
32817
18045
80027
94583
52002
19958
78223
02045
77087
48195
93405
75093
11219
55308
48105
71303
80015
18902
32826
55337
10303
10952
95356
20011
33141
07305
05482
33014
19311
80016
10455
76106
31088
92126
91737
76115
91011
92806
92544
75010
46254
33021
60634
59715
12065
96761
92022
32935
03033
87724
49765
02332
92064
02139
72923
77035
91402
17078
55114
32081
74136
08830
92860
80241
23224
06762
72114
78704
11215
74337
11217
20006
07110
15237
98034
19090
93309
33710
90710
10583
11238
96001
82501
07022
95991
55129
75032
33496
72116
27616
92618
04011
55369
32825
11234
72745
12110
62025
95630
87401
07677
29732
11096
96793
96793
96793
88012
93703
02176
02176
75070
75243
20772
29676
98683
97062
87540
21042
97006
58601
58601
58601
31903
85711
24091
01240
39475
37203
85122
85122
85122
94306
02155
01985
28173
33570
33570
76013
29924
15239
01075
11212
08360
60616
93003
99216
30236
20712
56258
39120
97321
63110
63124
61301
62062
96797
02535
06853
94301
71405
92646
08094
08031
85623
96720
78613
25526
34471
30310
33172
34685
34481
80015
60126
18017
19131
19131
97702
46140
50585
39110
38127
38016
06514
95129
11978
72212
92590
39823
95837
10128
25535
93950
94542
48114
29212
34667
34652
32162
53122
14420
18087
44241
63130
63146
22473
32962
78006
28739
60523
60615
60616
50322
46142
93614
90720
92130
91786
91789
89451
34652
32548
32548
53150
33411
78942
92629
92629
92675
29715
20774
68068
53151
90201
33187
33133
31522
67230
94304
95118
94085
06468
11731
07601
08009
95124
83686
83686
84321
83702
83709
83702
83717
98033
98682
98665
65689
40299
17347
77901
77902
85351
83643
30062
30075
92130
92130
96150
77840
77069
77845
77027
77269
32259
98074
64432
77379
46168
60191
23139
23139
46168
79521
07974
07974
75068
30009
78682
78682
77382
84092
94118
90062
11791
85286
11004
25701
81611
33157
87521
60561
60047
55751
59105
77381
48331
08550
90703
02554
78373
34119
89106
91941
60564
02445
81327
10550
78213
94568
23227
06351
45885
45885
11201
32446
08260
30040
60085
89128
90066
77979
82718
80241
17901
74728
49120
33615
33629
67211
80210
68352
96817
34233
29203
14626
56081
46240
95123
21146
97703
98685
33576
08759
08757
08753
18976
54020
29582
02871
23336
02119
07840
48306
07024
77055
94087
96819
96778
96816
70763
02025
94401
15203
04090
99827
63461
10033
33401
81403
95608
27560
27560
34690
03038
94131
80634
49442
46403
53188
37027
37205
49503
78102
20194
19140
75035
61726
28270
20772
20772
95118
97068
18944
02726
92037
10533
95404
48301
57345
57105
07008
47167
55118
55118
10003
84532
75006
46074
53010
62298
18615
95765
60565
85741
07866
07866
47203
55407
78255
27103
48126
11216
34744
97330
94952
18976
02646
02646
62864
44077
44077
37663
87501
60521
95932
99516
19061
98029
29078
61802
68845
68845
91354
37174
85737
07481
44644
30114
33004
45459
94538
44060
77429
83634
97330
83713
97217
83709
65809
02170
98607
07840
32118
83687
95747
98607
94062
98662
77389
78633
63304
60004
60502
32034
75035
60123
77355
92131
77070
78641
94402
83714
27107
92123
97333
77433
83702
94112
77095
83646
83709
97210
83642
95014
94087
97456
98607
98683
31522
60443
21140
83651
92595
95124
77379
77386
78759
94044
30024
83642
97351
92127
97370
77355
92025
92127
77070
87120
98607
28462
77429
76262
30075
43035
92024
80537
98685
83704
20175
20004
91311
75074
94061
83713
92253
90277
78641
87114
83713
48843
97330
97392
28036
83616
77379
92029
37122
83712
80528
95124
95124
77377
77316
77429
77389
80528
97321
78613
92127
83646
97070
80504
92128
94043
83716
94539
97333
11786
68144
45233
08840
97370
83616
60622
59935
97123
13403
60423
32301
97330
90401
98683
92780
77070
93004
90049
90049
94103
97330
94304
97330
92127
02210
80538
83704
77433
92127
94304
83713
83687
92025
20169
98296
33324
90232
90025
92127
89118
52632
77070
97330
72830
98683
92127
10006
77070
95814
94304
83714
77068
95120
90025
55412
06070
91506
60411
80528
63144
83616
90064
12937
32233
40222
75071
20814
37069
13669
07677
15208
94523
97239
85339
28212
33467
07030
92114
95123
98119
77070
92113
10004
95695
59270
94565
98391
46250
33547
92672
97842
02322
96001
95003
96080
96734
96734
98087
98087
80919
81222
98368
33408
98107
84049
47352
17053
27613
45840
35960
57383
10472
07920
96772
97459
19301
12944
64052
80538
92865
92694
34436
08619
49326
97024
97024
33327
30204
54166
84041
29630
07920
90272
30265
30265
98033
10018
23061
08628
99645
37701
37207
03465
92399
86429
98034
32547
06112
32819
53189
24065
28349
54915
33904
59722
77584
55746
34957
55746
94960
62522
62522
14830
14830
14850
95361
80202
34683
06051
75069
30115
61523
11746
22304
48726
48726
77006
77006
90670
86351
34219
33786
85255
33774
19380
11358
27817
55746
14172
36609
02886
78749
78749
92081
73744
02703
33771
89014
56081
18925
19438
98686
63101
74012
93906
33136
08401
15312
80654
72223
76102
94501
83644
94002
80013
94577
95338
22046
05405
53956
76708
92618
01966
07076
32609
75077
13219
78209
37228
73501
30189
14892
06906
57104
63010
49721
95321
96744
15642
45040
43832
14217
29687
11557
08854
94002
19440
21113
29201
12866
10022
30813
33615
14580
81621
60714
70072
34112
32569
07432
20736
04008
21136
92507
48009
02537
30004
92553
94510
80863
81505
27944
19110
18974
76177
33172
91766
54301
28138
60084
60506
85323
83709
20019
98012
94549
14127
07110
34231
92115
01730
86017
37232
95003
90024
23453
78258
15642
85201
56265
76021
83211
94025
78751
97754
62258
65810
31763
30115
38120
33313
20876
21794
22601
78572
64086
01420
38105
92130
07424
46142
54913
53090
30824
27615
29609
48234
75024
90807
60187
66086
74055
93602
45844
55423
19406
70506
15664
53213
11213
33322
77040
45231
10475
77546
33954
93940
54915
80210
33853
54952
92315
55127
05068
95030
74364
97601
33312
11105
20774
06108
22181
92506
97301
20852
77048
95630
77575
97215
92646
95818
19904
93908
75002
33304
56024
07047
29673
12849
84062
97367
15613
77057
12845
77071
43326
21842
45768
11375
21122
90745
31030
82009
28217
63401
97006
71055
37214
08831
67218
22003
10473
75039
20782
21770
75074
98335
37219
32612
18704
33134
11501
34689
02889
83713
92111
60056
33021
08077
46545
07070
33126
87110
32038
50265
40502
34216
30141
14609
60015
29940
28217
19106
10601
48314
08401
90304
07040
10027
15101
92320
38801
98122
77375
33844
32703
33770
90245
92507
77041
83864
32773
19148
38329
07047
92260
10018
43147
13760
75241
92231
08865
10016
89115
86315
44039
95122
94568
33897
81427
11385
12110
12983
19711
20715
02155
76116
85024
05753
60616
85375
07632
30909
24060
60062
72713
95670
17408
44123
60187
91752
81212
34982
60657
06840
80480
10550
75243
63049
93535
08759
35022
20816
46222
96790
30224
20175
71671
34982
96002
84501
55084
53715
34655
91902
80132
30188
79849
62221
06105
33196
20853
43054
27103
44667
70116
02130
10538
53158
98499
33311
10026
90503
32548
67601
56301
19096
90021
76028
97045
98019
91320
10028
46703
33180
55987
11559
11581
11559
11096
33062
10023
35661
32578
77327
77327
87801
39402
56567
98684
92130
97034
96720
97070
97006
97006
97124
03063
58601
01201
37203
85122
94547
76004
52405
01906
07603
53959
33060
60616
17601
83642
57201
52402
20712
20712
44030
56258
95821
84070
63110
62062
95648
46107
46227
46227
98250
80537
32208
32208
55342
75229
34471
33172
60126
60126
77845
19425
14512
19131
39110
38060
37643
31602
95765
78641
95837
07701
34240
75074
34667
34673
95051
80524
44241
94022
19702
97322
07641
78006
60615
50322
94801
17101
91789
75205
08003
78572
31419
31419
98245
98245
19034
44675
90603
14172
74330
85748
92618
90640
33187
44143
60048
84117
44133
20036
30114
80538
60056
97348
83686
83440
96080
83702
45153
91356
85248
18062
30068
30075
60564
90301
92130
11803
14627
95014
95014
20175
75069
85747
77377
77377
22202
23139
46168
92127
23139
52042
99515
30144
30097
30022
89074
93065
37922
08053
08053
70791
84094
80301
80129
07663
98569
48118
78248
40219
92220
10031
38401
11726
11763
50588
91762
04330
94556
44444
55060
30066
30066
20176
17044
56701
98671
07976
70605
78373
78373
34119
20011
77640
21227
21227
90023
06831
38930
92833
60436
60436
77471
61465
81327
10472
10472
94401
27021
54915
80909
80909
45885
10022
55129
36420
80134
95403
79932
98223
30290
12571
17046
90066
10310
76227
77070
98684
98684
60194
30907
30907
49120
49107
60490
54868
11375
33702
92075
92075
30005
92014
96822
90027
34232
46240
30068
83843
77079
97703
08759
08005
19403
08759
08753
08759
08757
18240
81001
17110
29568
11961
08831
91914
97215
28078
23336
16950
33324
94110
96778
96744
70763
22033
14086
27244
94401
06084
15203
39525
14809
70817
33401
33401
10033
28451
81403
95608
77382
60431
76051
44145
75062
95817
30016
30014
02779
76006
76006
93108
01028
01028
53005
20016
20016
44139
77385
77449
61726
48075
77901
92037
95405
78681
32931
02554
44102
54401
54401
84532
02150
02150
46032
55802
55802
92373
62298
94087
60563
60563
98282
98282
60098
21742
80027
11370
92407
91945
91945
36345
33190
91325
78240
78209
94941
07008
18471
18471
60453
77433
84036
84060
95492
99519
19061
08807
95338
29078
75248
75248
32312
49464
77024
76548
44644
03049
28303
22701
11786
97330
44053
80526
77379
83713
20171
80108
80550
95133
17050
92029
80126
77379
83713
92126
01520
80525
07073
75002
92027
11377
97330
43220
83713
83712
92071
77007
80528
27565
74055
94304
11764
95117
20175
55437
83714
83709
77429
83704
83702
83702
97321
77379
55439
97330
77379
77429
77379
21140
77429
60004
77379
77379
94062
83642
94107
94579
87124
80517
80534
97333
87144
83709
94117
97333
95602
87114
30319
98683
98606
97209
97333
97330
94040
94085
84003
95133
98607
77429
77429
97333
94403
65803
97209
77377
94555
97212
84092
77042
78602
81007
95127
77008
80537
77449
48442
20905
77389
98607
97333
77379
83716
85331
83644
95746
83644
97330
97034
92127
97321
83713
77433
98607
61008
83616
97306
49111
20601
78660
94109
77084
78665
92081
94070
98117
83669
77068
77095
83713
77377
83713
77478
83616
08840
45233
77479
78745
80132
97115
97322
30009
90804
97370
77316
77377
85346
32301
07109
10007
33158
76052
83714
90277
90006
34482
98004
03872
98683
95124
95630
94025
48307
97355
94306
94025
83646
94304
11206
19341
20037
90067
48075
33324
95030
11725
30004
95540
94304
85365
60181
91602
98683
91910
06419
21619
30064
91521
79415
91762
11743
83616
94304
92127
93004
90232
95050
92075
83714
83714
18707
11234
90028
92887
20005
63101
15236
77057
77479
97330
62269
33021
11204
34759
83713
98682
83713
83686
70810
95814
11434
80534
46410
39560
78413
99362
95124
45805
80528
92618
80011
43055
02445
92603
30523
30523
15010
15010
02322
95060
96001
95060
98042
81222
06611
85935
11530
33408
46350
84119
46038
46148
47348
12464
57383
96772
30141
11434
07407
20721
13211
65686
02466
06840
96740
34448
23185
08619
21740
10024
33193
72634
30233
33327
03051
30252
48188
01462
59601
67661
85048
48038
34956
37205
98125
29666
11229
06095
33025
33025
28349
28504
59101
59034
59601
59522
55746
27025
02638
94960
62522
62522
80634
33634
32951
27410
30115
85009
80126
34219
22304
92037
92037
96740
77429
14051
07081
34748
90670
34219
33786
33785
48178
56721
78660
11358
45365
19382
10573
15241
99686
99686
96753
29412
02859
02671
63090
20037
11580
11010
43456
27514
33771
59404
20785
82321
48188
60077
87124
25252
82410
28638
11801
07044
08087
44281
87110
73130
75063
32958
95062
06830
44106
74070
97914
11210
77389
28630
53089
01945
58504
48072
96816
30016
70301
27576
98056
21784
33982
97124
80023
53209
82009
10019
08048
06484
95758
97601
27265
20832
76227
94024
93610
33027
30034
90210
18960
60301
94538
11233
77058
11201
33066
33027
64083
20005
20721
96748
14850
33983
60601
13104
30127
08628
85735
31061
94946
78240
21701
20036
90045
30288
30314
40031
77598
53511
30576
77328
01581
30097
60660
92307
92882
11229
91316
87043
28428
60087
61238
20169
79938
73110
60614
20720
35661
92307
46256
29571
97219
85374
32765
76012
07206
06443
27701
84119
77070
92821
10002
22958
75068
60654
29928
33189
10463
20110
46037
48141
08012
75075
76137
95648
31501
33141
10925
72201
97401
33131
91403
68182
52402
90405
92602
06067
82930
38103
01810
92126
93517
32608
94574
77084
01876
37916
17050
85340
72401
52753
33023
73118
10075
91730
20904
11218
48340
33322
63129
02035
90740
77070
90706
48193
33156
85935
60007
10112
95376
32724
07055
44646
65584
29053
33193
22033
10462
20155
19711
02136
29464
77388
94066
20171
53719
40059
27527
95521
48383
93301
73501
07010
10022
11210
10552
32428
54568
98101
33324
70634
12304
90065
08816
93023
37920
33155
06419
33308
22201
48221
46032
28615
85268
37128
07726
22192
66614
98826
92507
78132
70002
75007
81007
94582
53705
48089
10309
04217
75002
17603
99801
77327
22193
32127
32822
61021
37115
08735
20120
29212
19810
29414
91325
23665
47906
84604
75115
60473
55075
84664
34119
77584
33823
28731
22556
43062
39648
33143
11720
11749
23229
92123
08879
23452
33463
83440
52732
90003
34145
11377
48383
77372
20113
10466
85629
78373
25413
29910
75225
30319
77004
30338
89143
43623
80501
19801
90241
75052
92056
27332
30087
21015
53158
95131
48471
97330
95223
21075
07204
28451
78750
47041
08861
10003
95131
98277
38141
60645
25571
36693
60056
77619
33404
08260
98011
81506
33434
21403
77864
19804
89103
21702
83113
37921
53209
28001
08560
38632
33323
94520
55337
28461
44145
15068
06513
75074
30066
77521
25443
72086
90071
06484
02889
85308
80915
11520
60707
33196
95050
12110
11706
98178
76137
60073
94080
94538
37862
84404
97034
52404
24521
11203
06076
94116
10019
60565
10304
32828
11577
60457
08051
33172
63141
48081
11421
92064
07632
63303
49931
20912
97124
21218
55122
95112
96797
94080
11237
92620
40205
46234
08055
19804
93923
34104
11413
11580
11096
10023
11713
76244
76244
97415
34786
93003
32578
02176
75150
87801
87801
99577
18834
38733
98683
92127
98684
33154
20112
78759
97062
93555
97006
58601
37203
37206
02143
14526
80911
76013
11212
10466
33060
17601
83646
30236
08002
39120
39121
94903
92019
32086
11238
06840
06853
75703
76248
34471
21217
61547
08825
32256
53105
14512
19131
46140
46140
10562
44052
53593
77064
32771
32771
37865
71701
55616
34292
34292
10977
32162
18347
18347
60440
53122
20015
78006
01915
01915
94403
45240
92373
19004
95713
91789
90275
34652
63126
48439
31419
98245
92629
29708
47715
08110
60048
44147
08090
94085
30533
33065
98366
90022
94304
83686
83702
83702
83702
83709
11721
11721
98589
98685
98685
97236
97078
15089
85351
83687
19390
50613
60556
60556
96150
72210
64157
75703
75703
61820
19711
79521
13207
99515
66223
24551
08060
01054
31088
98382
17522
96001
85040
91901
48185
95120
98036
90503
85296
40031
92201
95051
96797
04938
92835
55060
34982
91355
56701
08540
95405
96814
78373
76054
89123
75069
91941
38930
37932
77471
75209
75205
75219
61414
33647
95959
04090
04090
10507
95032
10566
45885
32446
95403
77071
79934
98258
11214
08260
01581
14021
54301
17551
17901
85226
85226
60173
49120
60490
33602
33584
33573
33596
92127
92127
92075
64108
77433
46240
83607
97850
29617
97062
30024
59327
94304
08759
17110
54020
54767
54767
54020
44120
92037
18202
91914
30705
02119
60643
28801
28787
17402
94401
03049
32063
33458
77984
99827
77318
02333
02333
81403
95661
46814
46814
27560
01930
66085
66085
66085
28412
11417
75062
80634
30016
30016
56057
56057
37203
37203
53051
78102
20165
95682
78108
48075
28270
30269
18944
77901
92037
89012
76549
76259
33629
48301
35773
57345
32159
32159
98042
02116
02554
84532
02150
95610
95765
60563
21236
45011
45011
80550
80550
80547
93003
94117
98513
89129
18471
37663
37663
95476
80921
29212
19136
96816
98037
16214
77024
11501
11501
11565
03055
03049
33004
45459
02370
48152
77040
95618
83646
77379
48377
45419
50266
95658
95747
63348
95051
75226
77429
77379
83616
02054
77433
77377
45342
83642
92506
92128
48138
87144
97330
83616
83642
92127
80920
83642
98683
94404
08012
93012
92128
80549
80538
77433
77429
83646
83702
83713
77070
95135
83713
60089
30114
97333
87144
77095
83655
77379
92129
77043
97330
77429
83616
97330
83713
97333
97330
92127
83644
83704
98606
83616
97321
77433
30022
80132
40509
95658
27516
33527
76262
92116
07081
01772
10028
83642
92128
77096
77354
44312
83646
77584
83713
92128
78726
77377
28027
95134
97035
94040
83646
77379
92130
92117
77429
80538
95835
77079
30317
83703
95014
97333
78681
98686
83713
83616
77377
68025
95054
92056
83616
85346
85346
59935
70121
45215
18407
48213
20004
07109
95030
55422
80528
10013
98683
10038
98296
77070
83642
92064
77377
92127
87124
97330
90403
55082
77355
94115
98683
75074
33401
60462
77070
95124
10457
77070
94131
55446
40219
46032
11207
10304
94304
99362
29678
77070
07506
97330
94555
84601
90015
83714
77070
77379
77070
77379
98683
92129
20001
98057
37042
30097
48098
93305
83714
94105
94030
80134
94402
92584
83714
32244
85054
97023
27301
88001
93535
98052
10128
01545
20148
99362
30350
33702
94070
94555
33434
96130
59808
98390
98390
97080
33547
92694
97842
60527
30531
96001
96734
44112
44243
98026
12420
13676
49009
49009
49009
49913
08820
47348
47906
12477
97459
35128
64052
10469
07470
20743
98516
98221
32656
96761
60645
60130
60173
19808
32162
08753
06615
12475
90038
30305
30305
84041
84066
57216
67661
17566
99223
81224
81224
34638
76528
85382
29625
31411
29582
93285
03465
97008
54915
54915
59501
59036
59522
78574
55746
55746
62522
91773
95320
95361
70447
33556
75069
32951
06037
10305
96819
97330
77004
77055
39773
33572
14411
90670
17584
48178
11358
55376
55746
23602
47527
63303
99686
99686
23669
02671
98258
78749
11580
43456
20175
57006
56081
48837
48837
10804
77584
48205
60459
43082
27856
27377
95120
82901
95817
19702
85382
14586
24073
53562
44903
33133
86413
07960
85383
33308
11717
03106
93311
35824
78239
85018
44256
43147
78504
37138
47143
43016
50010
50144
20007
05034
75019
93654
60608
65233
42724
14108
11213
10128
96814
75287
84111
95677
95030
11778
22709
54739
70471
10017
90068
02128
89826
80249
19701
66061
98926
95482
48076
86305
30092
31210
95618
41005
77083
08820
95818
55423
32312
77040
63040
91505
01778
54457
53186
01089
44137
02136
60661
32011
93728
48092
19510
28655
16686
75093
92780
34436
96740
61801
48178
33035
97838
42141
36561
77381
46240
07010
94521
10541
84123
19362
10035
55369
19143
55449
45231
43230
64064
77303
02895
96701
77055
01569
33463
10172
95054
01852
08820
80516
12571
70124
97759
80634
60007
68506
97210
30328
33010
53027
30705
10704
65714
79414
29841
33130
22480
11709
44224
06281
29210
32976
11561
92131
33305
34747
22742
11432
76577
46408
48226
94611
48917
78640
88101
19126
37857
34109
06514
33143
21043
57564
19808
19702
03049
11223
59801
32763
78229
77478
62012
21117
75241
10104
02116
96734
20871
75062
47906
93706
15601
77535
93722
22201
30165
11238
89183
01915
70447
99556
29407
33446
37015
90278
98003
98632
64078
34983
17866
49424
14220
10463
20782
27455
19006
11364
32221
23503
27540
53548
07869
62626
18040
33178
26570
07481
92308
92630
12065
17552
46936
44333
96161
14882
75706
33179
94121
23238
38901
48419
20886
02919
60565
02116
54911
78501
96744
23061
07066
29640
50009
77406
76126
32225
33178
16125
02139
43209
17022
07055
94404
65591
40223
96786
33323
10314
36693
89451
97826
89128
94612
28584
97035
52404
46307
43054
07054
49423
08230
97003
20007
68601
15237
20024
44836
89084
94555
66509
24018
45005
77038
38583
11733
94521
33032
34787
20782
03431
89178
17512
34236
21401
84015
30035
77006
78233
76207
75024
40243
14621
84041
85349
85207
78261
64429
92123
13068
07666
64150
17042
19067
11234
29571
97223
10007
20874
33713
12771
84321
76248
85308
75219
93313
19709
63121
53713
91214
38555
33172
32502
13039
13850
37160
19518
46074
77377
55304
85281
25405
80234
43311
10467
63026
11793
30115
14203
71360
85713
87120
85939
32119
11096
33178
97415
34653
84003
48208
48073
70471
77365
92139
19460
87144
34683
76078
80515
87540
02108
58601
31903
31906
94306
21122
11201
06790
68154
29924
33060
34228
76063
86004
20712
08002
95821
39121
85266
75028
08031
08078
08094
60417
55342
75229
28734
54024
95830
95677
08809
08809
33040
85132
14226
76556
37643
28739
07031
75205
92590
90077
07011
73116
02675
34667
34667
50022
14420
05343
11967
63122
63130
63146
19702
78954
01915
39183
28160
87122
65807
46231
53190
92371
91789
92065
95076
91390
32548
33411
31419
06426
13601
94301
55811
19711
08540
94085
10901
95032
83702
83702
45150
45150
03452
98665
97068
30062
90006
91201
92026
92130
14620
11803
77840
77027
77003
75791
99701
79406
46168
19701
33063
52042
52042
52042
60142
60142
07974
75068
30096
20705
77382
79734
07030
28173
37334
11803
94022
85044
60137
91744
49854
33129
80112
37885
44614
98607
44444
96814
78373
78373
78373
78373
34119
20011
89052
89015
38117
71106
60436
95949
81327
95148
94108
94568
95148
80528
80260
10009
55129
80120
95403
79932
98271
11214
10308
60085
77979
83712
83712
97304
59601
74728
74728
15367
30643
33511
92075
92024
92127
67211
67226
34232
34232
77433
21286
92234
97701
32256
32256
30024
39401
08731
54767
08087
97206
11375
11375
32541
07840
32073
32003
19363
77055
96826
02025
08822
20153
17112
27244
32060
33544
33401
85750
01930
28412
22657
77477
11416
11417
88001
49442
21212
53005
68601
67235
28270
33931
11201
95404
92346
97034
90808
33409
78681
78681
32159
02150
02150
02150
02150
46032
75006
94087
98282
06032
80538
51039
51030
55407
27103
48377
48377
32725
94085
94117
19026
97330
34145
53901
17061
96816
33914
17050
85737
11565
11501
30114
98040
22182
78759
95070
80550
97330
02176
83669
80526
83704
28516
83646
77379
83705
66614
83686
95124
07090
95823
95650
03062
78727
77008
83713
83616
77094
97210
48178
95136
94040
10022
02648
80528
78717
98664
83616
27596
77429
55439
95119
60502
99352
83646
30534
60502
77429
04042
95035
97330
27539
80526
95945
95661
83644
77379
92129
92130
94611
98045
40503
95945
83704
33028
97212
78717
92130
60443
83646
77382
92131
95020
83713
83616
92131
97034
80538
94568
77382
77429
77379
06416
83709
80521
94404
97202
98604
98683
83713
95148
27526
92127
77379
77377
80127
80528
80127
95126
30102
94117
77429
77377
94306
98607
97330
97330
94022
95602
92127
97086
95602
94131
77070
83646
43081
87121
98665
95747
97333
80528
80918
30022
30082
72715
83646
87144
33331
92127
97321
97330
77346
77379
97214
77429
95136
98607
92131
14617
44266
77377
75063
84092
94109
83714
75024
77095
92064
83709
97322
95054
95129
84065
83713
83714
85346
18472
80528
95814
89183
45056
95814
97330
92648
92617
55347
83714
77010
92127
54956
92592
83713
78748
98053
94304
20037
83714
43212
95366
83646
32836
47201
98683
27518
21043
14877
90012
94304
62234
60184
77598
49037
50325
83713
28403
80528
77356
92618
77070
77380
97330
07306
54022
98052
77389
94065
71301
19123
21771
33426
94523
97330
94122
42104
27263
32765
92113
29615
29615
92110
72712
95060
33408
98107
84119
47362
80134
22713
27615
91356
55947
48168
12477
10472
07901
27523
30030
30030
11434
85715
30316
98221
95961
96761
96761
28712
08619
49326
12475
70433
78801
98296
30204
54166
01430
92831
20171
48038
97232
97232
07601
34974
92508
92507
10918
10006
78009
11214
92399
20735
33860
33025
96814
28562
23111
97008
59034
59301
77082
40205
27025
02492
62522
14830
67037
85282
27410
44084
61523
32640
34761
22304
85260
96814
77006
39773
39773
77429
14217
49221
17584
85255
19333
60120
60120
49855
07074
55746
55376
63303
15241
27249
99686
48375
48375
02816
02859
63090
78739
02367
11010
55340
43456
43456
04679
73744
14075
14075
82321
78747
98338
18854
46013
83646
63144
18045
30019
54935
39466
11103
60607
34668
10019
77381
80610
07462
23901
44012
97038
07801
43050
30144
33458
97403
50312
12033
98353
68601
95472
75089
12010
03257
80031
01257
30327
48219
64631
77099
99212
45040
11040
33604
17512
87004
92069
48462
91354
79936
32226
20854
19007
11703
21045
06010
29520
76051
11791
60656
01876
28037
33066
39110
40258
91301
65305
58701
78704
07206
08054
20707
93446
61115
61115
75019
59715
90034
18610
11415
19131
65714
80923
92604
11040
75109
20774
44004
07430
54739
11228
78734
78254
91911
32606
27410
11103
39701
76063
06787
61745
33437
44053
32082
74014
18058
11230
26554
23451
03870
44221
06335
46235
08807
67420
63556
24522
95558
93710
01581
20715
08827
32955
48386
80904
87122
80110
63136
34491
35206
11214
93631
53120
37042
54911
31008
87015
49028
22482
94112
72176
75287
26104
07083
75001
30519
20853
67203
04930
19702
53202
32459
22963
61107
20716
35601
75052
33708
30078
46360
48201
48324
20018
49091
10474
19802
10580
60004
92821
08809
38115
12207
98270
07724
15101
60611
90404
90815
28211
77346
08232
21202
94941
60061
17022
52806
58601
89123
95404
33613
45322
46805
60438
19130
73003
43201
60061
77449
63670
33142
11414
30044
40047
43701
34442
33966
56087
90630
34476
48842
77474
07306
55123
03824
37062
22207
77064
14261
57108
10024
10306
83854
95051
96734
30034
39194
13501
06901
29707
11217
23235
79413
29485
10040
34251
06516
73703
06484
19720
28782
77073
62025
70116
11040
33312
27604
54729
96150
63110
73013
15136
60471
77708
91791
89502
07641
01608
11580
19090
90036
10024
77004
10305
34683
38134
95472
60610
08844
77578
01073
46321
45324
22567
92870
32824
01534
08108
06032
98277
11747
19003
11692
11552
45056
10463
18452
78109
19007
77386
53593
11951
91710
76177
11416
22902
87107
45212
74133
23435
43130
92677
91405
85320
46278
19702
19804
29576
28270
15701
99016
33166
07676
92555
60620
19720
11377
35022
85718
11219
29708
19053
07306
27101
08701
91307
39426
80906
57078
76021
33162
11101
53717
90603
95391
97080
33914
32128
53073
97212
11429
37203
90048
95667
10011
12457
55423
81132
02142
92109
20816
20005
03109
11433
55416
72928
94002
37211
11225
20018
22644
85016
07928
34684
85255
83676
92127
19025
90010
32563
67005
91910
07022
75206
01845
27242
68154
92131
98052
29206
85715
08721
32169
97035
32119
33178
76244
48202
75243
19460
98675
83646
06107
80517
97062
33178
07666
97006
85711
24018
24018
14456
92342
37206
37042
14526
14225
28110
37932
76086
62269
34116
01906
91941
34205
33701
78645
93003
93003
17601
86004
53188
39121
94939
85266
84121
29349
61301
10011
08094
75229
34471
30310
38004
33172
95630
75075
53105
20794
24551
75252
32825
71701
55616
34292
78641
21227
10128
73116
10003
77469
34667
34652
18347
05156
20015
89002
80524
18951
44241
14580
95682
78006
77701
94566
46142
46220
92801
92028
91390
96813
08003
76180
47725
47725
89117
27511
37620
68068
92657
33133
47720
08540
94085
94304
94304
94085
95008
97019
63031
95124
95118
95125
83702
83702
83702
77459
03452
94941
85383
85351
75002
50613
92130
77316
20175
75703
75075
23139
83669
52042
52042
79521
20001
99515
30097
30009
44062
78682
78682
07204
75035
48228
76092
61107
20854
40220
89148
59729
61734
04330
98607
90504
30066
30066
34982
56277
60193
07976
70605
70605
95405
78373
33487
89052
89014
96822
75252
97321
78745
78745
78745
80537
61414
61414
54227
34235
06351
80528
80129
10022
77043
80134
80138
79934
10549
30214
02132
60085
07920
90034
54301
23454
83713
07869
33626
33629
33603
96816
56081
92606
46240
83646
46901
08759
08527
08005
81003
77042
54020
54020
20814
11960
98115
23336
11375
11375
07820
77055
36303
02215
91367
96749
96720
22033
94010
03049
03064
33544
07726
81403
85750
77382
46814
46814
50266
68701
34288
34105
18914
77477
07604
30511
98052
88001
46403
59526
53051
53005
79119
98005
20016
61726
49707
77901
92130
35773
33339
60457
86442
86442
86442
55118
06824
97007
63026
18615
44030
92870
45011
11370
92407
48377
48377
33190
33190
34772
34769
97331
91301
49249
78240
19040
37602
95338
29078
19136
49464
16214
96080
33004
83714
97330
77382
01085
46163
98683
92127
95126
78664
80909
83642
80525
63123
97068
94062
80466
73120
75035
97330
43017
48009
80524
20886
83646
80524
77433
30329
83676
75491
94086
97225
36116
97330
20008
83646
92116
92127
92128
92128
02054
77077
95602
95020
95033
80602
94583
87110
80634
97330
60126
80528
83704
18353
98686
97330
83714
97007
30038
94044
97330
52038
94015
95139
29576
97370
77355
97209
97321
92019
95148
90032
84092
79936
92027
75033
95677
98682
77095
48135
83713
83713
97202
80132
95133
77379
77478
83642
97209
87121
97330
77098
83713
77489
80634
80634
80634
29577
30338
83709
97374
92003
92563
98607
33764
92563
94304
83646
92082
83619
37179
98607
40356
92065
77304
77373
95014
77382
97352
73170
87144
84070
95747
77068
84065
92124
85346
59935
76008
70121
83616
07109
07506
77070
94304
33480
92530
94025
94304
11201
11232
83714
30066
06419
77070
94114
95131
77070
23836
94513
90804
83704
94301
75252
49076
90024
86045
78753
94304
13904
32837
14559
73542
85012
97330
92127
77070
80023
23707
94402
80528
83642
93637
55446
75247
90035
30004
92075
92113
83642
17101
53130
97330
83616
24551
19139
06824
95348
20814
21029
48304
22209
78665
74127
47802
83714
90077
83714
50321
92530
94304
94304
94304
99019
85263
30531
15203
17019
44123
44123
94903
78258
11530
33408
10023
46350
47362
62234
12464
35960
08527
12601
80132
07407
20721
37701
91711
23322
21742
33193
60152
44685
84041
80005
59601
97232
78070
85051
76528
11214
30240
30240
33896
32720
30248
59104
59644
59873
78573
55746
02638
02638
02492
96766
54703
80126
10314
22304
85260
96766
96819
20748
77578
07081
33572
90670
55746
55746
55746
47527
99686
38965
22015
15845
33432
63090
60093
20816
02703
96789
81505
20794
91754
95746
97389
92008
01453
98382
55073
55075
90630
19702
20904
33327
53227
27016
32169
03055
12303
23457
11050
37075
43235
02128
35824
80918
35080
92647
10019
66203
07036
19152
21817
64011
92308
07495
84108
76134
10025
33157
80528
52205
48634
37902
95076
37932
78633
29009
90044
06095
13601
10016
10016
76092
17740
08087
11224
15203
32822
38501
10009
47712
94536
10522
40353
92123
48085
10012
12534
95687
01923
91601
80132
85213
98512
77068
19046
06360
58436
97103
45066
55109
91354
85251
92651
98005
60462
27576
60653
47274
21401
32607
07102
58554
57730
11367
48195
33331
88005
33063
29170
90501
66547
85016
23487
01581
55127
20187
62249
48468
84005
11050
02916
32073
81125
45011
44111
10451
21403
11419
08840
14526
11581
78701
92128
97124
68506
40299
30058
97030
43123
20109
60626
45682
29205
10018
08051
30079
97005
08730
33154
70526
98056
11206
18414
63901
10040
66801
78640
97030
76085
33765
37203
30034
33496
95037
90025
16127
27519
91411
91791
10460
85710
33558
32583
32765
50266
02148
77429
07083
04103
33076
28779
38671
60098
89014
21210
55303
78665
14775
75248
03470
30041
10027
01602
61107
90201
04864
27612
07024
49431
28607
91733
32827
20637
95610
43054
93638
21044
60563
06610
70769
60074
92549
44236
25526
07003
32817
46055
32163
32712
21783
85340
80501
90712
91344
90024
33544
10956
91301
36784
48859
11722
98498
47807
79930
77064
70447
35633
84003
90045
43311
98122
63701
78602
48307
07928
94087
32765
18610
32817
75093
59102
48170
98121
07470
20636
08758
21207
28031
02914
56452
72040
18707
43082
02564
85719
92231
90068
85266
79410
10980
33186
38118
64063
33446
96706
33181
07657
95991
38017
77008
07304
28216
12866
66223
41001
66604
78642
34110
08648
76549
61604
56284
11021
46755
08629
07032
80903
92509
12151
11361
48328
30094
43201
11040
07039
11249
77573
34945
29909
21114
15089
43213
07030
33140
60463
90401
48331
90044
60942
33572
30004
52241
76023
94539
37310
20110
11354
05457
77450
27703
45238
20747
77380
02136
19116
73099
97217
27377
20006
95051
10980
07050
11201
10458
33012
85933
30152
28037
13210
19363
80020
94087
33487
29406
74820
19720
90802
46060
30068
47201
48105
55340
48917
07306
70810
53718
10027
73069
22801
58801
48334
33774
06511
33759
32259
75070
61412
60031
53406
16947
48067
95133
01983
33619
53233
60523
04848
06357
20653
21076
32317
19703
63368
53217
23505
02660
10174
60047
19044
95691
80016
23455
95682
01757
16105
14760
38572
01867
05405
48307
19152
47710
76092
04650
91405
78596
55391
37110
84107
93725
10036
85747
11096
76099
17201
34653
02176
39194
39194
37716
44202
12065
22079
97124
97124
97006
96756
96756
01201
85194
85929
11201
68134
68116
01075
10466
33701
83646
85755
30236
94939
11236
84121
63110
28712
61301
74344
74344
94609
94301
71405
25082
16201
62321
46140
60014
21228
10028
10022
93950
02675
94542
75074
18347
18347
14131
63088
95762
55118
34135
39183
76028
94547
91789
92673
48309
92673
75205
96813
11372
34652
47025
76831
27513
49307
98115
29745
92657
08090
33032
77070
94085
95050
95136
11706
08730
12508
76708
98021
83686
96007
91016
77459
65689
44106
63119
60564
92130
77356
77807
32609
30005
64432
64432-8100
52042
52042
48910
75068
30144
33063
75235
33063
77095
98671
07726
20653
75078
44085
10583
87506
95368
56345
14120
63935
91752
91762
91709
60193
27705
91040
89106
21030
21030
38930
37932
54227
95949
81327
94401
94306
27021
65624
80920
19106
87112
87111
45885
84125
80120
98642
11214
53718
53718
12571
89120
97304
97304
85306
23454
83709
54868
54868
06032
33606
33617
33570
77389
92075
96822
91780
46240
83843
55115
97062
39401
39475
19403
08759
18240
54020
10023
10023
08087
91914
80654
07840
33334
33324
02215
92122
91360
96813
70763
15207
14809
99827
99827
77318
10033
52057
30017
52761
76051
76051
66085
26218
14843
30511
80126
88001
85122
80925
49503
49503
49503
78102
36042
28204
20772
91789
91789
91789
93010
07452
95404
95404
54165
48042
07008
32931
60505
21236
34946
94941
28466
80550
11370
11105
28411
78256
99709
96749
28604
95492
19087
33538
11435
19136
96816
10028
90732
43608
85737
03055
43551
77429
77429
77318
30536
78613
95135
83714
92595
83686
94304
92506
43011
28516
75035
01752
80550
95117
98027
95139
95033
94538
48187
94536
75063
80023
94022
97330
80303
97306
83704
77401
97333
90815
77433
10019
02909
95746
92027
95822
77070
97304
80526
87114
10472
77459
77065
87144
98684
98683
80528
98119
80550
97322
77070
98022
83644
83646
78759
77379
97322
80634
61704
78070
83646
97333
01540
01748
33178
92056
07042
83646
83713
92627
97321
80526
87124
95120
98683
97361
97321
95130
78641
77355
52302
75093
95337
77389
77070
77377
83616
95835
97392
92029
92116
83646
77377
75082
03031
83646
77070
83702
83687
92562
95360
97214
83714
83713
77379
97219
80525
77008
83716
83706
95033
95148
44023
97330
92127
77008
77019
94010
77377
80525
85346
85346
95814
92127
94304
10012
98121
72712
80923
85140
10022
75946
95306
78641
84020
94304
78746
89118
78636
33928
94304
50321
27455
94025
55395
60462
77070
94105
08876
20169
83714
48438
87144
45103
85302
90048
85016
07310
95054
94930
95050
90027
90066
90232
91506
80202
94523
97015
97330
46220
99362
80909
06333
38401
49424
83713
93551
27540
78572
96816
18974
75154
95747
77070
95035
97330
80204
98390
02445
85263
60527
60527
17019
02322
98042
96753
77079
77079
93013
42303
21114
27613
27612
91436
13210
63088
48168
07920
96772
11434
98516
19135
19135
95961
60130
08753
21742
95403
10530
90038
78801
34208
53151
48038
97753
97753
99403
23024
81224
55976
85051
85032
83642
33326
80112
33912
53189
24067
23111
59422
59872
59872
59645
59422
59601
77584
40205
55746
02492
06492
44004
98072
33913
96766
96766
96766
14411
55746
55746
23602
92562
10703
07092
49719
15241
01950
99686
99686
38965
98110
99208
11010
55340
02360
96789
76802
63017
45236
91789
75094
10475
11375
11236
78956
75056
95037
01906
55120
19709
55056
66409
23058
77059
01749
39401
08820
96786
10065
59803
94109
19096
20705
46373
48631
57401
84020
46256
92649
30096
32225
21206
95762
33018
72758
97526
48430
90248
30274
34947
86335
43035
23454
01089
28762
77523
36330
01901
78154
85296
67208
95118
21043
46227
92545
49050
22307
71901
23451
30214
95123
84105
80112
17403
92024
19123
60304
75235
27103
01103
94538
92392
28262
06109
55309
95620
96793
48187
99669
60008
11375
82501
82070
97402
48221
11223
08701
23405
91214
20009
28803
42071
23883
97008
96708
06033
11203
75143
49454
14221
98370
23226
01440
34432
19610
90277
72370
10019
01301
10005
75082
20619
87144
62401
80011
52358
10027
48220
78023
55406
43207
03079
85629
34238
77429
99632
35741
77010
02458
94578
32141
85282
55119
58501
48334
32533
34683
90620
86442
91913
78363
92078
20607
05730
90018
92029
19107
56308
19703
91744
76087
13152
32210
40517
77520
75038
10025
60148
86001
11004
03833
77024
80915
54020
48044
02139
11948
45231
98115
36066
04282
20664
94513
30361
85268
60634
97304
78006
29341
05871
21201
19107
60053
98092
20707
19066
77077
07940
22044
78108
45431
21207
95660
33467
77388
83605
08089
84041
45431
75423
60026
92841
11577
95864
75247
30533
98445
27713
27713
68128
02904
91105
07302
82070
60714
89012
21014
75228
91724
85037
32128
17543
70471
55119
77833
31794
32217
29627
07055
30309
24614
05661
11780
29135
94501
73072
55920
90012
10017
60076
73055
10598
77833
25314
91761
20878
04250
34744
11219
54235
07416
90745
91762
73089
13461
85616
76051
17756
21202
39772
32951
04254
12747
61010
53151
08057
10022
06033
19087
08648
11226
08826
84037
38134
60031
12550
95630
80421
07852
11563
15342
10549
95969
56716
01581
12401
22124
87124
90405
45434
08701
34744
29063
32505
92075
95864
64131
08080
85208
28105
78723
01701
92131
03049
01430
75080
34442
30332
43212
80906
07626
92054
29376
40513
12531
20171
53103
94111
94566
77084
23502
48360
02145
22201
48383
83714
10037
28604
02135
77065
85132
33957
90005
21740
10013
63103
92277
02493
07512
80523
34239
08730
13077
19711
01702
76034
48043
58441
11203
30075
92019
32828
44406
24089
97006
99771
27409
92708
98375
56227
29510
13078
76244
97236
48884
15314
73119
77835
99612
28625
75040
33615
21218
97220
32771
11096
40342
21212
97415
97415
91505
75069
55806
53575
56567
37716
14057
35630
97034
97006
60428
97124
58601
58601
58601
58601
24018
39475
85122
21123
33570
34116
68104
57201
83642
20712
08002
56258
39669
85266
89031
97322
94025
08094
78248
60417
32208
76248
75762
01754
54024
25526
33172
80015
62226
62321
60014
85132
10562
38184
75218
31602
78253
98612
54822
07666
95833
95837
07701
34655
34656
32162
19904
50022
63088
80538
89002
63130
93725
07641
32962
78006
28739
94539
98296
65807
65807
45249
48309
95076
92801
92028
94549
68521
78572
31419
31416
14519
29036
29455
20774
98115
61523
14172
19154
77433
43055
31522
33761
94304
94304
34604
84104
40513
03063
76262
60559
95118
83686
94551
77459
98589
03452
98684
30062
33578
75009
90703
20152
95035
95014
75703
75075
60048
77840
79406
60191
75068
30152
91362
89002
93065
64064
01970
60804
80403
80906
19460
11746
71635
11362
77573
11803
28625
95118
32034
98107
04841
92821
56277
98671
77024
96814
20011
20740
89106
89109
89015
16242
19464
61414
32244
34235
04090
92024
56470
84119
77027
77074
98271
98292
30126
60085
77979
77070
96761
97304
17901
85226
07869
11375
33510
33573
33510
33606
33619
33606
77079
78609
46240
83703
30067
08527
08723
77042
11960
15857
28078
10012
07840
32073
48306
60643
17403
16950
77055
96792
16412
94401
33544
63461
10027
10025
11357
68701
34101
20190
20171
18914
07003
30014
53051
95682
68601
78664
28270
28270
94301
92037
76259
95404
92346
48042
78681
60457
84532
02150
46818
75006
94087
47201
21742
92407
55407
34772
94954
37663
84060
84036
99515
53901
11435
29078
19136
18966
16214
84123
84123
39465
97306
92108
87109
97333
94087
49648
95608
94085
94402
95746
60187
75025
95722
83616
06107
50125
14450
97330
83642
83703
95014
83686
83704
07628
77070
19709
83607
80525
97214
77479
97330
78728
77494
80550
68025
10028
77354
08840
83702
83706
60102
78759
94087
97321
80550
83703
94131
97330
77377
83644
95129
97221
80906
83646
84092
91007
01748
83616
75074
77382
07083
30067
75231
97333
07901
32779
77069
60542
55306
94022
97333
97330
80634
92688
95037
97330
97330
98683
97333
94043
83629
92563
97370
63385
83702
33157
95035
77377
83702
83646
77082
94583
80526
53066
83646
94306
94129
94043
97330
94086
97321
77381
80620
07042
97321
83646
83703
60623
86005
60423
48326
89109
07506
33158
80528
20895
94304
94304
80923
29678
35758
77002
80525
92065
08844
94121
94070
83714
60546
92129
97321
66224
60714
28270
94304
27514
49076
89521
84767
91401
21217
27587
97401
90404
95120
80923
94304
53572
22015
55419
91007
02116
32792
60044
85140
75068
20723
28739
96761
94304
39213
92075
77389
83616
90066
12020
94945
32317
98004
01056
10003
92101
32804
94704
22060
94572
90049
29678
77084
72034
21133
20886
95765
83704
21030
98683
98390
98390
97060
92694
92694
96080
98043
96753
44117
98087
98087
85263
02138
42303
46173
80134
20147
27613
91750
97459
85715
30316
60542
20772
83686
32789
33067
32162
34436
01430
80005
80005
99654
99688
48038
81224
12526
08628
93433
37772
30240
20735
98034
32547
83642
11422
24065
59425
59104
59301
77082
55746
46052
34683
34683
60611
98221
96822
07974
92860
55746
55746
07960
49719
49719
15241
07068
07928
98110
94301
60093
99208
19971
50613
45040
43456
04662
59404
94025
99320
95422
18045
79772
35244
06410
92663
75093
92708
14810
94022
58545
80122
35143
21212
45503
08701
19003
14512
30548
77642
21108
29928
23321
14031
19043
14850
23150
27530
35652
90275
32643
08807
38120
94502
48009
53045
68776
46375
60192
70047
92027
79371
74361
33178
91362
02452
34984
28605
82435
49346
49412
98008
74019
22204
30326
30125
27358
60091
90044
12182
01440
68114
14555
91941
20120
50125
33034
04106
97415
11731
80233
75093
10312
32751
92804
27549
16127
20010
21012
33417
43004
99672
38571
06484
94086
62526
89122
82072
95148
20906
97070
97520
38125
85248
19930
77316
95119
97058
70811
75093
84003
49684
59102
10128
44646
10023
49401
76092
60423
85234
34134
23237
63119
12019
10011
60048
08753
80132
60614
08010
77382
18042
27511
33785
30152
33064
38116
11715
66609
98661
33549
02138
92395
81435
07644
70706
94109
30319
21201
97303
10005
60619
43054
19141
30344
71201
77445
10023
07054
83714
08732
29210
02911
33483
98664
54171
62901
39401
02644
77041
08079
33029
94086
60560
02760
17111
63042
98225
61073
95993
82225
08054
77058
97322
48135
43240
11741
32256
06042
11219
07054
46040
89117
67216
75080
33324
80863
28763
93660
22030
91436
32730
17050
75069
67701
33322
75644
80537
28806
98155
10028
83402
75252
78660
82901
75039
91301
38655
30019
37072
38677
13031
53715
60640
78758
21742
37813
07306
95632
75835
32822
65251
34653
84095
30014
03820
45248
47401
95843
01106
19120
28303
02176
11021
10017
53216
60505
80223
35226
08618
32765
22815
11207
33603
15101
76116
91403
07758
11226
60618
19707
84606
85755
02215
48128
77058
37040
30314
06040
33054
59404
94804
60074
34103
17022
89044
78572
98006
11229
93446
07733
14221
30096
95610
02895
06484
84062
33435
92692
18452
39648
11411
11234
10038
21093
02878
72756
02675
32806
11354
30102
60506
27705
53105
33126
34983
07304
94949
91801
07753
10461
19720
58565
60620
23418
30815
77007
21403
30102
78213
90036
11216
11379
95918
11218
23834
98052
74014
84040
75241
73179
10701
39301
30033
94704
60010
68023
32540
72023
76133
85012
20242
63021
92835
95843
95682
08831
06511
81328
77047
94605
20905
89002
30064
77084
92024
45239
08016
30518
34613
11218
77338
46077
94002
20852
20659
19087
06492
07020
15237
60914
86442
75020
97214
22192
90250
19350
78108
19034
32219
30349
48837
40729
32163
95747
98245
98006
30346
89115
10162
30044
84631
72919
93643
11413
11096
33062
96793
97415
97415
34786
17202
17201
48202
38655
53575
92139
92056
58601
10022
35630
83642
33487
97070
08701
03063
01201
15232
55427
50013
22207
15239
33704
75167
83642
85755
95070
39120
84121
97322
34606
95648
96797
10011
64015
08031
08078
75042
60417
77377
54024
33172
33172
18017
08809
08809
13812
33040
62226
63033
14512
51020
35226
07031
27610
54822
55616
61822
80129
43123
78108
78108
98335
55387
63130
33056
78006
55118
55068
77701
71019
87122
07070
53119
46142
46220
93637
89701
31419
78942
60091
78132
47725
19034
76705
19056
90603
98115
84405
84405
92618
96816
44147
67230
08096
