p_AccesscatentryId_50
391500,1698240,726792,3074457345618642889,3074457345619273319,1156164,1671185,1664652,3074457345619441839,420098,726730,361844,1186196,3074457345618613348,1484668,3074457345618768335,3074457345618935396,1732696,922658,727328,1653261,3074457345618787327,727186,1433193,138272,3074457345619648319,1464652,138268,1723660,1091668,3074457345619416841,1702168,985154,138371,3074457345619488321,3074457345619136321,468082,1064413,3074457345619627319,3074457345618911819,1471807,1471803,138971,482989,3074457345619443825,136726,1731668,1652154,1792658,1285168
3074457345619094239,901078,3074457345618925320,1764169,1234676,3074457345618979819,3074457345618576832,1718152,727454,1655726,137897,941666,1711665,1786166,3074457345618515323,1195670,1212730,911654,1241836,1764170,1791156,1258191,3074457345619608829,1370172,3074457345618857322,948905,3074457345618664325,726970,3074457345618575846,1261313,1138161,3074457345618869465,727346,3074457345618642855,1486164,1448156,3074457345618718897,768159,1737154,3074457345619673826,1764164,3074457345618919992,1688676,1737663,855269,727012,1786158,3074457345619094241,139369,3074457345619014367
1701666,1133162,1471806,3074457345619673827,1168794,3074457345619094246,1622660,903653,1638295,1655678,3074457345619610421,139639,3074457345618616323,468086,867160,139640,1270657,3074457345619094094,1111228,3074457345618576830,1530658,726406,3074457345619094063,139091,547152,3074457345619271821,1138163,3074457345619387819,3074457345619251827,3074457345618942821,1671183,1285154,1064367,1130669,3074457345619293863,3074457345618805821,3074457345619094223,1465656,726404,1471732,3074457345619349331,462830,465209,561681,872160,727162,3074457345619094226,467503,1509678,3074457345618624328
3074457345619475030,727258,1786170,3074457345619271835,3074457345618734819,985153,137592,3074457345618504829,139132,444491,3074457345618768327,138480,1096652,1085820,138524,1457675,1094156,3074457345618477819,618160,816152,3074457345619092854,3074457345618927874,1433200,3074457345619094044,1550652,1064327,3074457345619493819,3074457345619673824,137829,3074457345619373333,1356166,726700,1471801,854572,1018823,1119656,541682,3074457345618674821,359847,3074457345619673829,1094154,1016158,1016164,138492,1655708,1108661,1433192,3074457345619329863,3074457345619431837,3074457345619237819
3074457345618613338,1687209,3074457345618939819,3074457345619441835,1448164,471508,1660652,3074457345619005831,750152,1111170,1111222,1655676,3074457345619267832,3074457345619032819,3074457345618824331,1767247,974652,139382,726668,3074457345619533332,139378,3074457345619144331,1370166,1258188,689659,1370176,138429,3074457345619431839,1786152,1113196,3074457345619144335,903536,3074457345619429407,1465655,1720660,139383,1072654,726978,3074457345619094031,1328792,3074457345618580923,3074457345619451319,1409716,3074457345618787321,1377661,1011270,726338,3074457345619448325,1673176,1141160
3074457345619416829,947652,3074457345619035833,137612,139169,871421,1764163,743668,726482,727138,3074457345618719823,561684,1471804,3074457345618894365,1049154,3074457345618574826,3074457345618546819,456024,727058,1556164,1711662,1241807,3074457345618642891,3074457345619094221,727250,1049316,3074457345618637319,3074457345619073823,1142653,1629652,3074457345618875145,1358652,1016162,300152,1655724,727060,471283,137933,3074457345619106319,3074457345618768323,755652,359825,1094158,3074457345618689831,139614,3074457345619072823,3074457345619441843,727452,3074457345619094022,3074457345618785319
872159,1049158,1459152,1433209,3074457345619094061,440577,3074457345619474321,727274,139373,1354654,3074457345619670821,1357152,3074457345618630819,138439,726598,3074457345618770851,999662,3074457345618826321,3074457345619630319,3074457345619092844,700659,726876,3074457345619596822,1285156,3074457345619053821,3074457345619663839,3074457345618613342,3074457345618483435,3074457345618877321,708656,1633658,727448,1285172,3074457345619373339,887337,1594658,929154,139568,727172,139329,1277656,3074457345619144339,1448154,726874,1550654,3074457345619094054,3074457345619035829,727380,136705,1744260
3074457345619073825,763168,1181153,618166,726414,726830,10277,3074457345618819821,867164,727404,854501,1655686,3074457345619673825,1115158,139193,1717665,1261314,3074457345619092847,1630211,3074457345619349323,726586,3074457345619429405,929152,727450,679658,1362459,137809,3074457345619373336,3074457345619251826,3074457345619391335,3074457345619035823,3074457345619068393,1374162,3074457345619351835,139384,1160653,561671,1195772,1688664,1490159,1160154,3074457345619542325,3074457345619448331,1503162,1260652,3074457345619429383,3074457345619374834,503100,3074457345619094023,3074457345619092851
1017152,3074457345619448341,499868,922656,3074457345618826329,3074457345619633327,3074457345619092852,903702,138374,3074457345619005835,1064438,727052,3074457345619663833,1233390,1362446,3074457345618639321,1681190,139116,10362,1655674,3074457345618991861,3074457345619400821,3074457345619094080,1684654,3074457345618610319,1681192,726646,726248,476104,3074457345618581824,903641,3074457345619092849,471492,726258,3074457345618875321,756316,3074457345618613335,903636,3074457345618631824,3074457345618885831,1233413,3074457345619053819,1673177,726972,1702161,1442161,972348,3074457345619344824,1454193,138379
1723654,949154,139592,3074457345619430337,903555,3074457345619416833,400450,903492,1681154,3074457345619429400,726156,1655682,3074457345619136339,3074457345618719827,1272160,1272161,3074457345619237825,1370154,1370170,3074457345618639323,1681186,3074457345619474320,3074457345619035825,3074457345619453323,1094160,3074457345619094252,139041,903727,3074457345619260819,1049294,3074457345619429376,867152,456219,3074457345619439323,292151,871353,1370178,561674,1081156,138340,1630212,561683,3074457345618546827,3074457345618686632,3074457345619682332,139609,139167,727158,3074457345619094116,3074457345618805825
3074457345619682329,1285160,1654660,3074457345619067825,3074457345619329856,1374170,3074457345619556319,3074457345618925321,941656,1049264,3074457345619429380,3074457345618980819,138394,1532152,385554,3074457345618714827,1260662,1623652,726164,1681152,1671184,3074457345618711879,10343,618165,3074457345619326819,3074457345619094244,3074457345619431819,1244705,583193,1111238,871375,726534,3074457345619249824,1356162,3074457345619329861,1111226,1764171,1780654,727032,3074457345618624330,1556168,903663,1654187,3074457345619441821,1432468,3074457345618984825,1433195,3074457345619441845,446560,3074457345618718879
867154,727406,3074457345618702321,3074457345619136343,3074457345618795332,1655670,980655,1111174,3074457345619035819,903538,1342154,139570,3074457345618869466,758183,1010654,1688672,1195716,726390,726756,1550656,3074457345619431859,1720661,3074457345619589825,1130677,138361,1086690,3074457345618805819,905660,727122,3074457345619094218,3074457345618622344,3074457345619369826,3074457345618994323,3074457345619247321,3074457345618699323,479447,3074457345618805827,1277655,3074457345619195819,3074457345619439329,3074457345619439327,3074457345619431847,1681194,139298,1365654,1655666,1049268,867162,3074457345618636319,727206
1594232,3074457345618753345,468651,3074457345619430328,1655718,3074457345618770849,1497659,137491,1442162,1133168,1678197,1655668,3074457345618826331,1404813,950652,394711,3074457345619094046,3074457345619673828,137578,3074457345618770833,1681198,3074457345619094134,274685,727294,727064,726806,3074457345618699325,1008157,1285162,3074457345619556819,3074457345618624333,726828,3074457345619451325,1141162,871405,1569176,468645,3074457345619349321,3074457345618768325,3074457345619094248,3074457345619094238,1156161,3074457345619553321,1277654,1081254,3074457345618867823,727070,726562,3074457345619176319,3074457345618795329
3074457345618869463,1409713,903502,3074457345618830329,138053,1370152,3074457345619561324,3074457345618784319,3074457345619094029,3074457345618826323,1471805,3074457345619400823,1653258,413671,3074457345618553838,679662,3074457345618546839,949170,3074457345618642853,3074457345618580942,3074457345618560327,138301,3074457345619351837,1115157,3074457345619594827,3074457345619144325,1049292,1409729,3074457345618768319,3074457345619005823,1471802,1370174,3074457345618476376,1687210,1655720,1363152,1622663,3074457345618961819,1108662,1498158,921154,727174,3074457345619271841,904658,1188156,138430,1681156,1111232,726858,1549236
1767283,3074457345619094240,1607153,3074457345619242390,3074457345618929819,3074457345618642857,3074457345619439341,3074457345619429385,763169,660654,138348,3074457345619373340,139559,1049288,137857,1457694,3074457345618622822,3074457345619092850,854538,10278,3074457345619441837,768156,1261318,137765,3074457345619594829,1503154,3074457345619005825,3074457345619094059,3074457345618564883,856652,903787,1111162,3074457345618631827,727010,3074457345618730430,727004,726694,1723658,3074457345618830321,1065152,3074457345618711866,3074457345619594823,136360,446554,1363154,3074457345619679856,137588,1732721,1479152,3074457345618711878
3074457345619094251,3074457345619251828,1113174,3074457345619596823,3074457345619202329,1195764,1193652,3074457345619351819,3074457345618737819,871442,503103,1362531,1168832,726202,138191,3074457345618576828,139168,3074457345619373331,10334,3074457345619488319,3074457345618504827,1740662,1652156,726854,3074457345619373337,3074457345618901323,3074457345619174477,250177,1688668,1673170,138228,3074457345619593821,939666,1703156,561672,1181154,1591154,3074457345619196989,1285152,3074457345618795333,1737152,3074457345619237843,3074457345619478321,1049188,743675,3074457345619035821,3074457345619094067,1719192,932158,3074457345619005821
1556152,3074457345618951321,3074457345618875081,3074457345618770819,3074457345619000323,1702164,3074457345619033361,1701665,932654,727292,139567,3074457345619610420,3074457345619059321,949164,836198,1267153,1536654,139324,1764174,3074457345619589823,1195752,747660,307652,3074457345619094053,1655704,3074457345618883832,3074457345619374833,1217154,3074457345619441833,3074457345619416827,3074457345619373342,1249652,3074457345619094245,3074457345619271829,3074457345619094243,3074457345618737825,1081660,3074457345618631826,3074457345619237821,1556170,1780652,1273704,1272162,756309,3074457345618628329,466628,902154,922660,1111188,1516166
3074457345618631829,3074457345618576829,727196,1049296,1342156,1258190,3074457345618574823,3074457345618737827,139381,561675,1241833,3074457345618666329,1638360,3074457345618629819,3074457345618984826,3074457345618844319,1433208,1064362,3074457345618801323,3074457345619326829,1308655,980654,3074457345619174453,3074457345618526825,3074457345618507829,1481152,726452,503111,855256,503102,1294344,1186172,1234672,3074457345618984823,3074457345618919996,3074457345618737821,1171153,3074457345619431855,903615,726742,3074457345619092853,1212753,1064425,3074457345619416837,3074457345618711865,139166,1655662,3074457345619431843,139553,1195702
1711663,1464656,139038,903767,139372,3074457345619610419,137344,3074457345618949835,3074457345619441827,903647,726798,3074457345618880842,903668,905658,3074457345619094235,3074457345619044823,726920,726438,1018682,1471798,3074457345619429375,1195742,479933,1190154,3074457345618768321,3074457345618930819,3074457345618660938,139326,3074457345619431865,1448158,972341,3074457345619267839,3074457345618875320,3074457345618891819,3074457345619144337,3074457345619018323,3074457345618737837,3074457345618572319,1688660,727188,726392,139564,3074457345619612824,1273705,3074457345619661822,453405,136424,3074457345619682326,3074457345619094154,3074457345619439339
3074457345619326825,3074457345619144327,3074457345619608826,3074457345619092846,854503,3074457345619237831,3074457345618786319,3074457345619443821,3074457345619094038,138313,1608654,361094,10275,1732443,1354656,3074457345618477821,1698655,3074457345619599819,1111236,3074457345619247319,1064448,3074457345619144341,1130668,1195728,1732420,364382,561680,3074457345618737835,3074457345619196326,3074457345619053825,1212758,3074457345619391325,1261346,726818,1655690,365359,3074457345618730429,1278667,1688656,1133167,3074457345618642893,3074457345619351825,558152,561677,1094174,727300,3074457345618792328,3074457345619448337,3074457345619271831,3074457345619237823
3074457345619448333,3074457345619416849,3074457345618885825,3074457345619391331,872158,3074457345619094057,1530657,726226,1188152,3074457345619373341,3074457345618631828,726656,1151654,3074457345619391323,3074457345619064823,438171,3074457345619391319,3074457345618915124,137764,3074457345619094081,3074457345619094257,250172,1471738,3074457345619202331,499631,3074457345619475024,3074457345619429382,1767656,138317,3074457345618869467,3074457345619198822,1086693,1234670,727164,3074457345619136341,1503152,1342158,1207674,1471800,3074457345619416831,1448152,3074457345619271853,3074457345619039819,1285170,3074457345619271857,1056168,726648,3074457345619208370,3074457345619580323,3074457345618880836
438597,3074457345618483822,3074457345618624334,726676,3074457345618867824,3074457345618795331,3074457345618865821,3074457345618974321,3074457345618699319,3074457345619416823,1655714,3074457345619094255,1688670,139589,3074457345618709330,3074457345618689829,3074457345619326821,727114,1433212,452396,137697,3074457345619692321,3074457345619400822,727340,3074457345618805823,3074457345618787331,1655702,1141157,1064338,3074457345619094042,3074457345618572325,751652,719152,3074457345619094213,3074457345619094122,3074457345618580931,3074457345619053827,274707,3074457345619316319,1207672,727326,3074457345619014821,1556154,3074457345619448321,1588152,727344,3074457345618546823,3074457345618880840,1723666,3074457345619391327
1049284,3074457345619067821,727456,3074457345619391333,3074457345618689821,3074457345618633840,3074457345618907821,941660,3074457345618719826,948781,3074457345619006418,1308656,3074457345619094052,1671186,438590,3074457345619198823,3074457345619064393,3074457345619237833,3074457345619035827,3074457345619676022,3074457345619271855,3074457345619094060,1549657,796153,3074457345619006821,1137178,3074457345619094035,726948,3074457345619679857,726814,700660,3074457345619092841,1792657,1356158,3074457345618768329,3074457345618576335,3074457345619431849,1395276,444098,3074457345619094058,3074457345618477831,3074457345618830319,1112156,1356160,3074457345618792326,139117,3074457345618572323,1157153,3074457345619262325,487636
