p_businesscatentryId_50
837153,1470671,1045199,1081168,1720662,1154664,1209172,1049304,3074457345618590847,1111206,3074457345619196323,1345680,3074457345618721833,1688672,1612669,3074457345619064393,476101,1345690,871370,139493,1209164,3074457345618699321,1108662,3074457345619164821,836218,3074457345619623327,903553,3074457345619260819,904658,1475166,1346656,3074457345619303846,136267,1195760,364382,903691,452411,1638664,1616698,1195738,3074457345618725319,717661,549658,1049190,136599,3074457345618711865,1583155,1216179,1050217,871484
1067652,1145672,980655,871363,1753657,3074457345619319325,903780,903719,1195768,3074457345619328832,903586,3074457345618477827,1044654,1753658,3074457345619328835,1266163,3074457345619676336,1404902,1081164,1169162,903781,1081336,1456657,1345681,903763,3074457345619005833,1622665,3074457345618790823,1737669,903592,3074457345619676335,903759,903678,3074457345619200320,3074457345619369345,3074457345618851821,1218186,871368,3074457345618991848,903739,1705660,3074457345619008327,1746664,871376,1075671,3074457345618848830,1081238,1049290,871444,1294658
1634677,1099163,3074457345619454325,3074457345619285328,3074457345618514830,438597,3074457345619608829,1374172,1361152,1254652,1075674,1053668,1374655,3074457345618884319,1746662,1291173,3074457345619439319,1273702,871448,1014659,3074457345618721829,778255,136724,903750,1111200,3074457345618857323,3074457345619474321,477695,871340,1111230,903714,3074457345619432826,1075675,3074457345619571326,871320,1266162,1616682,444993,1014158,3074457345618789819,3074457345619439325,1211666,454909,1404813,903683,1669163,1456658,3074457345618991853,1209163,1220655
871375,1182155,1086681,1049320,871391,3074457345618507828,3074457345618770855,1654172,1145678,3074457345619449330,903686,1737662,836207,1373155,1261659,871400,3074457345619430331,3074457345618590839,1049240,1049316,903581,3074457345619369823,1655676,1075685,3074457345618927874,1195756,1374168,1622301,3074457345619212822,871469,1382158,3074457345618721837,1454658,1137181,1081232,466632,871339,1095652,1045194,3074457345618709331,3074457345618991856,3074457345618866832,1141159,3074457345619144341,1240174,1558152,3074457345619388832,1681202,836210,1154667
471508,3074457345618583825,1343160,1111234,1549238,1457675,1634688,903589,1091672,703250,446554,1111242,871434,3074457345619329861,1695191,1086695,903598,3074457345618770835,1308657,871387,3074457345618707319,1081344,3074457345619596824,3074457345619618319,468272,1045176,871452,1049326,3074457345619337327,3074457345619416835,3074457345619348325,1081268,1655694,1270660,1038665,3074457345618572329,3074457345618546831,1081184,3074457345618572325,828156,1638295,3074457345618483436,1220654,1737164,1049164,452396,1275656,3074457345618659820,1612666,3074457345619391321
1075672,3074457345619349319,3074457345618866836,1470670,1688662,454898,446556,1099171,1681176,1049218,1671657,903652,1049226,1099169,836209,1086677,1086678,1746659,1033652,1475164,1049314,3074457345618902325,381057,836203,3074457345619571331,1111188,3074457345619008323,1273705,871433,1616680,3074457345618990344,903693,1319654,3074457345619432830,1049254,871477,3074457345618540320,3074457345618770845,1404841,3074457345618970833,3074457345618522821,3074457345619457324,3074457345618642925,1654659,903668,3074457345618975319,3074457345618979819,1133163,1218175,1695177
3074457345618852819,1005658,3074457345619132829,3074457345618853825,3074457345619416833,1074168,871327,903782,1166153,903713,1169164,1024156,1725156,3074457345619008319,1014156,1050659,903721,407397,3074457345619119822,3074457345618642903,1137167,3074457345619376820,1388154,3074457345618857321,468086,836217,3074457345618507830,3074457345619376821,903603,1308656,1186154,1681164,1091663,1291167,1720665,1074175,3074457345619662322,775662,1049174,3074457345618919992,1782652,1616696,1195742,1186176,3074457345618895331,3074457345618576826,3074457345619703826,1111238,454904,903761
1020158,903643,1654181,1137170,903489,3074457345618498334,3074457345618575857,1057652,1345673,3074457345618590865,3074457345619416827,1224164,1414156,3074457345619008329,1729158,1049220,1086686,1177154,903712,903665,1763151,836202,1345687,3074457345619498827,1224160,3074457345619432829,3074457345619516353,1081660,3074457345619454323,3074457345619307822,1195684,1081402,3074457345618509821,903532,1273708,3074457345619033361,1454656,1195770,1705666,1261664,3074457345618851841,665244,1068669,1681188,3074457345619337328,3074457345619385326,1614656,1432452,1049210,3074457345618641822
1224167,903648,3074457345618970831,871401,3074457345618774819,871443,903556,836204,836240,1012659,1688676,1374182,1583157,3074457345618575843,438171,3074457345619616322,1045185,3074457345619113319,542188,3074457345619018323,1475161,1216170,3074457345618642873,3074457345618880335,482989,1156165,1111244,3074457345618851847,1622294,1216183,3074457345619600826,3074457345618519325,1616689,1631174,1616703,903542,3074457345619596823,903506,3074457345619344827,903698,1395660,3074457345619343322,1186166,3074457345619202329,3074457345619373339,1696155,1345676,3074457345619334839,1042154,1626152
1075683,836223,1195668,1291171,836200,871459,871398,3074457345618637319,3074457345619285329,871466,3074457345619005827,1614654,3074457345618576827,3074457345619208361,871397,871410,3074457345618895339,871348,1081216,1292655,1209170,3074457345619279833,1484664,3074457345619212824,3074457345619530823,1705664,1049348,3074457345619488327,1448154,3074457345618903829,3074457345618903321,1111210,1753656,871449,1527155,3074457345619416823,3074457345619613824,478174,3074457345618711878,136598,1345679,1111214,1145674,3074457345619530825,903537,1195672,3074457345619623323,1292656,3074457345619703828,1509678
871486,401509,807944,903582,903611,3074457345618845825,3074457345619369344,1654177,3074457345619349329,1081262,1681196,1113174,3074457345619319329,3074457345619662323,903585,1395280,903736,3074457345619386819,3074457345619198821,3074457345619155819,1075677,3074457345619406826,1291166,1345675,1216174,1216177,1688660,1532652,3074457345619525821,871437,903787,1145688,1225656,1086702,3074457345619284330,3074457345618744819,3074457345618880331,836242,1601659,1049186,3074457345618695319,3074457345619703825,903723,3074457345619136331,3074457345619142820,3074457345619303845,837154,1111168,1186200,1049266
903728,1374658,1244706,1287653,1735654,1049276,3074457345618770843,1374176,871467,3074457345618974321,836229,1218190,903584,1738652,1099167,1224161,1759153,3074457345618895335,1616700,3074457345618699325,3074457345619144333,3074457345618711874,3074457345619348329,1075686,3074457345618590877,3074457345619334844,1432477,3074457345619388831,871475,1705656,903538,3074457345618866839,1145682,1209174,1344154,903577,3074457345618483435,3074457345619600824,3074457345619266320,3074457345619703824,1681158,904660,871430,836236,3074457345619516347,3074457345618575854,1594661,3074457345619439321,462830,1695187
1005661,3074457345618590871,394711,1045181,3074457345618642883,1130671,1137174,3074457345618880325,1737668,1218187,1225658,1470665,1099172,903793,3074457345619571327,3074457345619025839,3074457345618642839,3074457345618533319,1493654,3074457345619220829,1137178,903529,3074457345618991858,3074457345619676341,1081198,1049262,1275655,3074457345619391329,3074457345618519327,871362,1081218,945164,871358,3074457345618590827,1049216,871474,3074457345618880337,468265,903496,1049248,3074457345618903819,1345688,1081274,1655666,1616691,871324,1195696,3074457345618642861,3074457345618642829,3074457345619416841
3074457345618703321,871483,1374158,1737152,871360,1111152,1669162,1617652,1689654,3074457345619029830,3074457345618718879,3074457345619449333,3074457345619457323,3074457345618753831,1008158,871478,1217152,1081396,3074457345619033344,1638666,1037159,3074457345618851845,1746660,903608,1622295,3074457345619025836,1276652,468240,871322,3074457345618590861,552160,1608654,3074457345618641823,1050658,903587,1081162,3074457345619220828,3074457345618851843,3074457345619349331,3074457345619705327,871409,1681190,1782154,3074457345619488323,3074457345619132828,1345674,1681170,3074457345619391331,1045195,1195694
542189,3074457345618939823,1345683,3074457345619328834,1634675,1372154,723654,871422,3074457345618702321,1049294,3074457345618810825,3074457345618642865,1049230,903518,3074457345618974322,1143679,903630,3074457345619449329,3074457345618721831,3074457345618575847,3074457345618853829,583188,1454657,1027655,3074457345618991866,871354,903675,903505,1111248,3074457345619597820,1720663,871330,1224162,1218178,3074457345619608830,3074457345618741326,3074457345619202326,359825,3074457345619595820,3074457345619334838,836205,1655692,1345682,1481158,1681156,3074457345618737835,958657,903622,3074457345619475030,1458173
3074457345618848833,3074457345619200321,3074457345618684819,471492,855269,1333152,3074457345619475824,1195724,1681192,903795,3074457345618524820,1634693,1634676,871425,3074457345619181325,1075679,3074457345618590819,1081414,1591153,1213166,903524,1081394,3074457345618613339,903627,1323224,487656,706654,1218181,1111228,3074457345618616322,1324674,3074457345618991859,3074457345618773327,1070652,1081254,1230203,391500,3074457345619329856,3074457345618507825,3074457345618792327,3074457345618483821,484736,3074457345619565821,3074457345619449331,1225655,3074457345618991861,583191,958656,1049208,3074457345619556819
3074457345618718885,903502,1775654,3074457345618664322,3074457345619246823,1767262,3074457345619025844,1023165,871377,3074457345618546829,1195712,3074457345619337332,1291170,1209169,903507,871456,3074457345618642887,453405,3074457345619142821,1081276,3074457345618476402,453737,3074457345619662321,775661,1655704,1075682,871421,1326677,1130676,1141158,1045177,3074457345618642835,903573,3074457345618737831,3074457345618498336,871417,3074457345618725321,1049308,1213159,3074457345618490832,3074457345619387819,423970,871382,3074457345619209825,1081250,3074457345619136335,3074457345618714824,1045178,1023167,1138164
1075159,1049154,903692,3074457345619337331,3074457345618575862,871408,1725154,3074457345618576829,1737667,871473,3074457345619284332,1794658,871367,583193,3074457345618741328,1049272,1374657,3074457345618820819,3074457345618642879,3074457345619571329,1209168,3074457345618714826,3074457345618875320,1720664,893153,1216178,1186198,3074457345619642323,3074457345619303841,1195748,1688668,3074457345618474327,1195682,1081340,3074457345619416837,1292654,1037160,903646,1767655,3074457345619025833,1081214,903760,784312,3074457345618845823,3074457345618773325,3074457345619045821,871462,1081374,1794656,3074457345618494833
1475167,3074457345619623324,871427,903786,3074457345618903831,855291,903677,1111202,1145683,1346655,1297659,3074457345618642905,903674,552479,3074457345618642853,903491,903702,3074457345618881821,1024160,1169163,3074457345619516348,3074457345618835325,3074457345619432828,1216181,1145687,903798,395824,1759154,439635,1432466,1409704,3074457345619600828,3074457345618785327,1374166,717892,1258188,1536654,3074457345619348327,3074457345619595821,3074457345618796319,1081172,3074457345619018820,903776,3074457345618590859,3074457345618546833,3074457345619488321,3074457345618894365,3074457345618590875,1319656,3074457345619676339
3074457345618991869,1005660,1374178,1669169,903757,3074457345619438319,1684654,1049332,413671,3074457345618881823,3074457345618642831,871441,871346,903516,139081,3074457345618642869,1081152,1695173,871321,3074457345618861324,3074457345619284333,3074457345619413321,1195718,1737154,447807,3074457345618575845,3074457345618851835,1049324,825142,1111236,3074457345619406833,3074457345619145819,3074457345618498333,1186152,3074457345618642895,3074457345618845821,3074457345619029825,871357,3074457345618856335,1045192,1049330,1287654,3074457345619279835,1008160,1616702,903596,1218177,3074457345619196325,3074457345618991851,903588
903658,466628,3074457345619061338,3074457345618741324,982652,903593,3074457345619430334,1224163,3074457345618590845,3074457345619029828,3074457345618930819,1681194,871470,1143673,3074457345618711322,903490,3074457345618730824,1616701,3074457345618642823,1157154,3074457345619196324,1463658,1088658,3074457345618581824,1767247,972321,3074457345618590843,3074457345618939825,3074457345618498337,1195656,1049312,1395659,3074457345618537826,836199,1168152,3074457345619279505,903632,903544,1345677,1037164,3074457345618903823,1020162,1133165,482991,3074457345618899823,3074457345618590833,3074457345619045822,1133162,136705,1111162
903654,880166,871429,1049194,1156163,903520,3074457345619516345,1218185,903647,1695182,3074457345618861323,3074457345618866835,3074457345619220830,871439,3074457345619246822,467521,3074457345618485826,3074457345618760819,3074457345619388836,3074457345619373334,3074457345618991874,1081248,1655684,3074457345618795331,903495,3074457345619416819,1218192,1195680,903762,3074457345618590873,1081352,1174167,1111156,1371153,1008161,1075157,3074457345619436823,3074457345619565820,871415,1195734,1264152,3074457345618995346,1218184,3074457345618642899,836213,903500,3074457345618730401,1448162,3074457345618770827,3074457345619475024
1409729,3074457345619600827,3074457345619307823,3074457345618853835,1688652,1049306,3074457345619045823,3074457345619136327,945160,1012658,836239,1520155,1520157,1218174,3074457345619349323,1294656,1283652,1111158,903531,1729162,3074457345619516336,1616690,3074457345619385327,454662,1616692,3074457345619406829,1049268,1470675,828155,1081180,3074457345618866838,893154,1374154,3074457345619697319,871380,1669165,3074457345618797321,3074457345619406831,1404907,3074457345618866840,871385,3074457345619474320,3074457345619571325,3074457345619303840,1678653,3074457345618642909,1244684,3074457345619029827,3074457345618483441,1099174
3074457345618795333,3074457345619212825,3074457345619136339,3074457345619395820,1133168,3074457345618866834,871428,903682,1616681,1447153,1395276,3074457345618711872,1156159,1169166,3074457345619279836,3074457345618753830,3074457345619181324,3074457345619612825,1331178,903483,903796,1049204,3074457345618848834,1654174,903597,1075676,1023166,1195730,3074457345618898823,903545,871366,3074457345619348326,1482169,1616695,3074457345618853841,1573652,1642152,438590,3074457345618575852,3074457345618773328,3074457345618641825,1737664,3074457345618642867,3074457345619416849,3074457345619055323,1753659,1475162,1153154,3074457345618504827,3074457345618709333
3074457345618800828,3074457345619395821,1634684,3074457345618903827,3074457345619212823,903607,1020159,1520156,3074457345619294821,3074457345619369827,3074457345619341331,3074457345618660318,775666,1260672,1638294,3074457345618485829,3074457345618866833,3074457345618583822,3074457345618613350,871326,903559,1081334,3074457345618784319,1695176,3074457345619153319,1049318,3074457345618600841,1655682,3074457345619202331,1186652,1695192,3074457345619319326,3074457345619044822,1616704,1111212,1622660,1634681,3074457345618572321,1049244,1681184,3074457345618848836,3074457345619144325,1767283,871349,373221,3074457345619049819,1371154,3074457345619284327,816734,1456659
903642,3074457345619334833,3074457345619493821,1123658,3074457345618575856,903657,3074457345618712321,1049232,1729159,1081332,1655698,903552,1137169,903789,3074457345619144339,1654182,1622659,1195690,3074457345618851851,1068672,871328,3074457345618619320,3074457345619134825,3074457345618749319,3074457345618512819,3074457345619000828,1638360,3074457345618895337,1049260,1218189,446560,3074457345619457326,3074457345619334842,871446,3074457345619005819,1086699,1216176,3074457345619334843,3074457345618970828,3074457345619279828,3074457345618642833,3074457345619416825,3074457345619319328,3074457345618851855,1138163,3074457345618866831,3074457345618770841,1049178,3074457345619676334,1130677
