p_businesscatentryId_2
903595,903640
903549,703260
903758,996160
903641,871413
1681172,871420
871447,1049288
903517,1108661
903508,1081224
1186182,1049196
1081398,1049222
1074172,1099168
1195676,1037162
1020157,1695186
1081226,1081230
1622666,1137179
871423,446469,903530
1045191,396585,1216169
1145686,871351,1045200
1689653,1681200,445496
903717,1145690,1345686
139089,1490157,1081264
1176162,1398152,1081166
3074457345618848835,871364
3074457345619626339,903695
903684,3074457345618770853
903488,3074457345618895336
3074457345619453324,579660
3074457345618507827,903621
3074457345618818819,1154663
1273704,3074457345619328829
3074457345618770819,1405154
3074457345618659821,1111182
1735660,3074457345619610421
3074457345618599339,1130666
3074457345618642881,1143681
871336,903626,903734,444491
903527,1291172,391217,903504
903716,836212,1655664,477694
903662,1634692,903475,1074169
454902,1023170,903659,1218179
1049334,1622283,1695180,871344
425484,903730,3074457345618902328
903664,3074457345619251341,871353
775668,3074457345619369346,836208
1447154,1081346,1087159,1260666
1594659,3074457345618875321,665258
3074457345618642923,1510155,816829
703251,1008159,3074457345618627321
3074457345619530826,746152,1081664
871378,3074457345619561324,1681180
665257,3074457345619119823,1081358
3074457345619025843,1042153,903633
3074457345618498331,903671,1081154
903724,1695179,3074457345618474325
1470672,3074457345619391333,996162
1374156,3074457345618770857,1049328
1612668,3074457345619391323,1737661
1374184,1734652,3074457345619676331
1005657,1195702,3074457345619220827
1395657,3074457345618866830,1111218
3074457345618642893,1176160,1687200
3074457345619025835,1086679,1681198
1638307,3074457345618580923,1273703
1186174,3074457345619279503,1671658
1137182,3074457345619516341,1655680
1514653,1655668,3074457345619516338
3074457345618730823,3074457345619449327
3074457345619136319,3074457345618711879
3074457345619025845,3074457345619284335
3074457345619703829,3074457345619416839
420054,842153,1655670,871460,583195
446471,1719192,1182652,694882,903785
903644,903746,1014157,1154662,1409716
1195674,1049242,945163,1616152,903711
400009,903511,1037163,3074457345618770849
3074457345618712320,1634689,903706,871418
1177156,871404,3074457345619682328,871440
3074457345619334832,1642654,871334,1008157
1373156,903535,1258191,3074457345618507831
1695188,871481,1294660,3074457345618866837
1782156,3074457345618709330,903550,1045180
3074457345618590823,1081356,980654,1014155
3074457345618730430,1469653,1324676,871445
1023174,3074457345619584825,816735,1622293
3074457345618664324,1630654,903560,1654657
1049198,1622300,3074457345618857322,394259
1261663,1201154,1218191,3074457345619144321
1681154,1075670,1448164,3074457345619406827
3074457345619175322,1145677,1195716,1161656
3074457345619416847,903562,3074457345619119825
3074457345619596822,871472,3074457345619303842
1616697,3074457345619600825,3074457345618524821
3074457345619220831,3074457345619388838,1145689
3074457345618543832,1138161,3074457345618711866
3074457345618519329,3074457345618613335,1737663
3074457345619571328,3074457345619303849,1655686
1049238,3074457345618642877,3074457345619430329
3074457345619406828,3074457345618790822,1068665
871424,903680,3074457345619284328,456219,1161655
903578,3074457345618642851,836233,871365,1209171
3074457345619432825,871390,1791156,903498,1045186
1737160,958658,871412,3074457345619344823,1225657
1470667,1133171,3074457345618753825,903614,1554652
1045179,1616686,3074457345618519328,775667,1695194
1791158,1182156,3074457345618880339,415188,1130678
1583156,401464,1432451,3074457345619498825,1195758
903645,3074457345618790824,1024159,1794655,1457691
1186190,1432468,3074457345618589823,1045187,1433216
1681152,1049338,1081659,1156166,3074457345618773326
1081174,3074457345619006415,1308655,1354656,1049274
3074457345618576830,3074457345618535826,836237,903666
3074457345618880321,3074457345618770823,871335,1622298
694881,3074457345618642885,1475160,3074457345619374831
3074457345618853833,1488152,139592,3074457345618583824
1395658,3074457345619612823,3074457345618988321,903749
1111208,3074457345618477819,871395,3074457345618737827
3074457345619134826,3074457345618911819,1676652,836206
3074457345618535827,1111232,1681186,3074457345618880333
3074457345619243819,1695185,3074457345618590841,1655702
3074457345619436822,3074457345618753827,1688658,1737156
1669164,3074457345619144329,1510154,3074457345619391327
1456656,3074457345619676330,1669167,3074457345618622359
1720660,3074457345619369825,1454655,3074457345619374832
1648652,3074457345618648820,3074457345619144319,1484660
3074457345619033350,1068675,1049206,3074457345618613336
1195708,3074457345618991871,1508153,3074457345619416845
3074457345618590821,3074457345619008321,3074457345619516350
903689,385554,871372,3074457345618478321,3074457345619337333
903539,3074457345619220834,904664,3074457345618579819,903600
903779,3074457345619430333,1374188,871416,3074457345619613822
1176159,466630,871411,3074457345618642911,3074457345618590837
3074457345619488319,3074457345618991863,1655696,903541,871485
3074457345618599340,855258,1634687,836231,3074457345618770825
836232,3074457345619294823,3074457345619488333,903699,1073655
1777652,903660,1395661,3074457345618853819,3074457345618590825
1224168,903731,1216185,3074457345618642915,3074457345618485841
1008162,903515,3074457345619182000,3074457345619337326,1345685
3074457345618851833,871350,1469654,3074457345619284334,1049228
871479,1470669,3074457345618546835,3074457345618995339,1012660
1345678,903543,3074457345618514828,3074457345618589826,1074167
3074457345618590851,1634674,3074457345619337330,1594663,903788
871384,1345691,1141161,3074457345619516351,3074457345618543828
1616688,1154668,903493,3074457345618902327,3074457345619328837
1136705,1186188,903602,3074457345619511321,3074457345618790825
1045184,3074457345619329852,361540,3074457345619328836,1216171
1616687,1493655,3074457345619369347,1050216,3074457345619266321
1195774,1111194,1186184,3074457345618642855,3074457345619000827
1634686,1081260,3074457345618902324,1108664,3074457345618848831
3074457345619198823,903679,3074457345619516346,3074457345618613345
3074457345618496321,3074457345619341328,3074457345619025842,1049282
1345684,3074457345618642875,3074457345618866841,3074457345619220832
1138162,3074457345618845819,3074457345618700319,3074457345618730429
3074457345618991875,1045189,3074457345618590835,3074457345618642827
3074457345619025840,871356,836238,3074457345618853837,3074457345618642825
3074457345618995334,871457,3074457345618939821,3074457345618573819,1045188
3074457345618737833,1273707,903551,3074457345618572319,3074457345619000829
1153153,3074457345619374830,3074457345619590319,3074457345618970829,1353653
1258192,3074457345618917322,1087157,3074457345619516342,3074457345619530827
3074457345618995347,3074457345618770859,1343158,3074457345619176319,3074457345618540321
3074457345618590831,3074457345619144331,3074457345619144327,3074457345619391335,3074457345619025832
