p_desktopscatentryId_2
896661,903552
1345676,1291169
1176162,1646152
1622662,250192,903671
777160,1101651,1500651
871484,3074457345618991858
3074457345618519325,903751
3074457345619449326,903691
3074457345618991867,871387
3074457345618998825,1045178
3074457345619359327,1372154
3074457345618854348,1634692
1634677,3074457345619279837
3074457345618543828,1291171
3074457345619315318,1661651
1146651,913651,839160,913656
1482164,836205,1687656,871404
913659,1004656,1337653,1102156
871451,3074457345618664323,836213
871361,3074457345618540321,871400
3074457345618866839,871434,787656
3074457345618547832,1484661,871366
871433,1475166,3074457345618917322
3074457345618547828,871476,1482170
1373158,3074457345618995339,1737661
3074457345619337326,1395660,1345690
3074457345618486818,3074457345618510319
1622666,1169162,1045182,1392657,871462
903736,871475,1720665,3074457345619359331
544652,871382,3074457345619269329,1612670
871389,1047668,3074457345618970827,1145688
1074655,688151,1147151,3074457345619562327
1086699,1634689,1622664,3074457345619025836
3074457345618500820,1443652,1339662,1074653
3074457345618619819,3074457345619645319,234666
1630654,3074457345619560337,3074457345618628328
871443,706656,3074457345619413321,836234,1395662
777153,1078656,1102152,978652,3074457345618938833
1656661,3074457345619328837,871486,1316662,1169163
1316662,1169163,3074457345618547832,1484661,871366
871457,1394659,3074457345619503320,3074457345619025839
3074457345619335821,903659,1624652,3074457345619113319
1475167,1467152,3074457345618474323,3074457345619319326
3074457345619385325,3074457345618991872,3074457345619385324
3074457345618902324,3074457345618514829,3074457345618834325
3074457345618995338,3074457345619341326,3074457345619307823
871415,943672,871468,3074457345619440820,3074457345619314827
1087157,3074457345619348327,903753,3074457345618490833,871413
3074457345619385328,1319655,871485,777661,3074457345618664324
3074457345619269332,1291174,3074457345618581823,1224163,836220
3074457345619560336,3074457345618855321,943670,1123655,1074170
3074457345618661319,3074457345619029828,1345679,1372155,836218
1630654,3074457345619560337,3074457345618628328,1482164,836205
3074457345618693319,3074457345618938829,3074457345619699821,913661
3074457345618627320,3074457345619530824,3074457345619344827,1475160
3074457345619334839,3074457345618866835,1291177,3074457345619025838
3074457345618488819,903561,3074457345618496320,3074457345618543826,1145685
1047674,3074457345619166324,1345682,3074457345619533328,3074457345618902329
3074457345619341331,3074457345619530823,3074457345619406830,3074457345619498825,787654
3074457345618501819,3074457345619166326,3074457345618848830,3074457345619560338,3074457345619530825
