p_laptopcatentryId_2
685656,903558
925700,1671657
903674,1315153
871461,1045191
1575153,907681
1052159,913669
882152,1158157
1021665,1292656
1126670,1070652
1382159,1344153
1218172,1042153
903563,903598,903729
998664,998655,810155
1614656,903602,1616683
1052155,839159,1150152
1287653,1782156,1209172
1470674,1088658,1075670
1317651,1553151,1158153
836201,3074457345618808323
871369,3074457345619343325
775663,3074457345618861324
3074457345619108320,1458168
3074457345618888819,1755152
1137174,3074457345619303849
1023171,3074457345619284334
3074457345618808323,1137174
893153,640151,713151,790653
903717,1209163,579660,945159
1450657,998659,907684,666151
871419,1218181,903694,1126665
1208654,1620651,1158166,640653
3074457345619270319,909654,998654
3074457345618881823,837153,1404152
3074457345618741327,1787152,996159
1794656,945160,3074457345619303838
1120657,3074457345618773328,903493
1171651,960652,3074457345618707821
1217652,907689,3074457345619623820
3074457345618861324,1307655,1177154
1021661,3074457345619284328,1424652
3074457345618575848,1023170,1176158
1616689,3074457345619132826,1218190
1525152,1156159,3074457345618895332
3074457345619203823,1158159,1575155
1173671,1078654,3074457345619645323
3074457345619656322,1455154,1350156
3074457345619031319,1209165,1053661
3074457345619676334,3074457345619662323
839167,663151,1173655,1165151,589151
541687,903679,1470668,1638664,1216170
907655,1402651,1313651,1150154,882151
1071654,1597655,1725156,1616693,904662
903596,1005658,1470666,1176159,1626152
996164,3074457345619307825,903752,836201
3074457345619192318,839163,1205151,892151
1496153,3074457345619242819,1353654,775663
1305654,1305653,3074457345619203818,1147153
1404152,1496153,3074457345619242819,1353654
3074457345618613339,3074457345619010318,903665
3074457345619303849,3074457345618881823,837153
3074457345618496321,1045200,3074457345619676339
3074457345619108321,1209164,3074457345619285324
3074457345619004822,3074457345619669332,1669169
3074457345619594319,1782652,3074457345619483819
3074457345618513318,1079153,3074457345619366820
1266160,1557152,630654,3074457345618862329,903697
871330,903699,1218180,3074457345619669333,1218192
1349152,246152,3074457345619623823,1305657,1078652
3074457345618507830,903621,836209,3074457345618641824
951152,1225655,3074457345619343324,3074457345619303851
3074457345619642322,1156165,3074457345618613351,903588
3074457345619560341,1770154,1493655,3074457345619303841
3074457345619378319,1794658,1075673,3074457345619516345
903513,3074457345619662322,3074457345619516349,1047677,685657
1281151,988167,3074457345619718318,3074457345618920320,882154
3074457345619676331,679659,1220655,3074457345619378819,1086686
3074457345618773326,3074457345618856343,551655,3074457345618730824
3074457345619587318,3074457345619384320,839171,3074457345618897818
3074457345619209828,3074457345619134826,3074457345618736822,1224161
3074457345618753826,3074457345618721835,1137169,3074457345618711321
871374,3074457345619284333,3074457345618543833,836221,3074457345619388832
871340,789161,3074457345619337329,3074457345618856332,3074457345619229819
1593652,3074457345619615823,3074457345619251824,936652,3074457345618862328
1216171,3074457345619560347,3074457345619334836,871377,3074457345619669330
3074457345619642321,3074457345618478321,3074457345619285329,1747659,1103153
3074457345619068820,1616679,1103154,3074457345619240831,3074457345618895339
1159152,3074457345619374830,3074457345619014822,3074457345619560350,1725154
3074457345619623822,3074457345619384334,1522152,1661654,3074457345619074322
