p_topmodelscatentryId_50
139031,138755,1240182,138926,139485,138914,139576,1071181,137818,138630,137799,138601,1767166,138701,138742,137833,1769717,138591,3074457345619572322,138288,791675,138937,137882,138402,3074457345619209344,138609,3074457345618772872,138587,722315,138159,138707,138292,138180,138210,138378,137796,1046654,1634239,3074457345619001958,467251,1569183,137821,139502,1634236,1230178,139196,138694,1230184,139113,3074457345618645387
138928,139269,409384,283653,3074457345619173322,1769715,138614,861656,139115,139201,138909,3074457345619393346,467917,138209,3074457345618595847,137791,3074457345619240835,1187175,138633,402602,1386169,402601,408957,139195,138297,1297293,1187172,1767160,274693,137837,139199,541689,10329,138184,137964,137326,986652,137924,139461,138662,1634207,137896,137893,138820,139235,137785,3074457345619094835,3074457345618772865,138287,139149
138704,1386162,3074457345619094832,3074457345619231332,138688,274703,1769733,3074457345619340865,139337,138730,139332,315651,1772654,138201,138652,138206,1634209,3074457345619287341,1240176,138158,139227,138675,138309,446461,139226,479711,137894,402576,791682,1386164,139135,139275,10297,791672,138290,1240170,250197,138302,139145,3074457345618645446,3074457345618645428,137820,137901,137772,139177,137960,137830,138809,250193,1752168
138774,250182,541675,1297292,3074457345619130459,412418,144156,274684,138735,138639,139142,1634233,1634230,137844,1268211,250186,138842,139535,139171,138404,138682,138817,139056,139281,709722,137966,3074457345618645516,3074457345619485872,138838,3074457345619180364,137866,1310659,1596173,138574,1769731,139450,137959,138831,416852,139537,138689,1310660,139215,1634232,138903,3074457345619405820,139228,3074457345619173321,1071184,139321
138211,455905,3074457345618645568,3074457345618645701,137929,791671,137808,139607,1377659,139302,138777,138589,139032,839738,137902,139084,137943,138912,367753,138202,3074457345619344413,138693,139479,139539,138715,1297280,3074457345619287335,1386168,138759,138018,250194,3074457345619240833,409168,3074457345618595850,138737,139034,139471,10321,1297282,138576,139467,138629,451638,137826,3074457345619632827,138746,138197,139258,137942,541685
139478,10326,138617,138835,3074457345619344401,3074457345619268830,138200,1269240,10299,138972,3074457345618645703,3074457345619240832,1187169,138611,3074457345618595846,138543,139505,138207,3074457345618645693,3074457345619444966,139208,1752165,139593,408963,586656,1230176,1223685,274701,10296,138764,1278663,1631193,139606,138680,1634235,139534,139422,139506,137805,138690,139498,730673,3074457345619147334,139310,138703,138626,139256,10279,3074457345618645488,138705
727436,3074457345619000321,3074457345618692827,139316,3074457345618935401,3074457345618800827,726986,1010652,3074457345619429384,139146,138028,3074457345619180344,139198,139068,139601,3074457345619268826,138672,3074457345618645571,137980,139264,10323,139565,138663,1769718,283651,1631187,1769728,250195,139495,373174,138627,1071182,274692,1068155,1273756,137873,441657,138198,1711196,138697,138681,139085,139315,3074457345619340866,139432,137834,1071183,138294,137802,137843
730672,138397,138832,274702,138747,139538,137470,3074457345619405821,3074457345619344421,139225,138660,137981,3074457345618645601,137332,138596,3074457345619211326,139536,3074457345619169370,139533,1268210,3074457345619130446,137939,3074457345619353321,139066,3074457345619251343,402603,139238,138044,138603,283652,1767163,138303,137864,139457,1634234,138938,138323,138899,138571,138341,3074457345619001965,274681,139482,1187170,139272,1072213,455863,138802,139141,3074457345618645417
138598,1072209,138343,139562,1372711,791674,1072214,139163,1634238,139120,1631191,138722,138203,3074457345618645700,3074457345618595845,138748,139161,138585,1631192,3074457345618772903,467249,3074457345619209362,3074457345618645541,1270267,410840,138783,139154,3074457345619344411,137973,137811,791667,438769,3074457345618645451,3074457345619268832,586658,3074457345619498344,139333,138789,139124,3074457345619498340,138625,274687,1072211,1072210,138969,1769720,139338,138814,139470,139266
137781,1289681,730674,139459,1240185,863156,1071179,3074457345619094833,138855,410842,1653263,1240169,138813,139246,138291,1275180,138941,3074457345619209346,1275183,139297,396795,139183,3074457345618645598,1516661,138910,137807,1071178,3074457345619617320,3074457345618772868,409387,138942,455898,137798,139252,138792,10295,3074457345619498343,138752,139073,438772,3074457345618645549,3074457345619130453,139137,3074457345619094831,1668768,3074457345618645403,138024,3074457345619572323,138624,10322
1165158,1788151,1581652,1175653,907673,907691,1052156,1052158,913665,1217651,3074457345619591819,3074457345619013336,1327157,981655,1158154,3074457345619288827,810160,1052152,1173685,810157,981654,3074457345619203824,1434152,555651,1760657,983652,3074457345618849821,998665,1302151,3074457345619656324,663652,1426151,1265651,1052154,1158161,810153,839177,3074457345619562320,1171651,960652,3074457345618707821,1575153,907681,1052159,913669,3074457345618513318,1079153,3074457345619366820,998664,998655
913653,1443653,1426155,3074457345619573821,1455153,689154,839174,3074457345619061821,988159,689153,839156,1339654,3074457345619699824,1029656,3074457345619288818,1138659,960664,629155,1004657,3074457345618938822,3074457345618968319,1336651,3074457345618968322,1426159,988151,814152,1122151,3074457345619024820,988156,246151,913659,1004656,1337653,1102156,1146651,913651,839160,913656,777159,913663,3074457345618968318,1501156,1443651,1641152,1426156,1426157,1029662,1426161,3074457345619315321,3074457345619061819
1218180,3074457345619669333,1218192,893153,640151,713151,790653,1226653,1150159,3074457345619392818,1661652,907666,1150153,839157,790651,1450658,3074457345619366822,907670,3074457345619270318,3074457345619587321,1450656,640654,1055654,907663,1305658,3074457345619343818,909651,1052153,1305655,998663,1327153,1052163,3074457345619288319,1052160,910652,3074457345619562324,988166,981653,1327151,3074457345619427318,913667,3074457345619623824,810152,1584151,3074457345619541822,960654,663654,1327158,3074457345619527318,839176
3074457345619130411,139270,3074457345618595851,1230181,1072207,138245,137780,3074457345618645464,138508,3074457345618595849,467252,139153,138507,3074457345619344417,139596,139283,1230175,863157,861655,3074457345618478867,1386161,138654,1386165,139127,3074457345619130462,139172,3074457345618645487,315652,138699,139063,139092,3074457345619444963,139267,3074457345619130452,864152,138769,1634240,139131,467248,137825,1767164,139608,455906,791668,138650,3074457345619268829,137872,137839,3074457345619240836,3074457345618772904
3074457345618502818,3074457345618500818,3074457345619699823,1641153,1029654,913658,1336653,661651,3074457345619317820,839165,3074457345619248332,1263651,978151,1158168,3074457345619143818,659651,960663,1078655,988160,1443654,1158167,628651,3074457345619598818,3074457345618838321,1367154,1138657,777160,1101651,1500651,1501157,1150162,1128654,1540655,777163,1004655,923151,3074457345618972819,1632151,913660,3074457345619573820,777156,913655,1339655,3074457345619381820,688153,777155,1128655,3074457345618500819,1029660,1426162
1779195,137817,3074457345619444967,137806,139112,139181,409385,138642,1240184,139469,1075672,903701,1086682,789162,1021660,1470677,3074457345619571331,3074457345619516340,1638665,1012663,3074457345619246821,1747660,1612671,1005659,775667,3074457345619303845,1053665,1616694,3074457345619676333,3074457345619350321,3074457345618898821,925695,1141161,1166153,903760,3074457345619108320,1458168,1287653,1782156,1209172,3074457345618888819,1755152,1021665,1292656,1346655,3074457345618575861,903559,3074457345619676341,1086701,903600
903782,871409,1120656,903681,3074457345618810825,1141159,1216174,1075684,903557,1220654,871325,871337,996160,871410,1045199,903510,3074457345619246822,1616705,1454658,1176163,1216182,3074457345619132825,3074457345618575841,3074457345619432829,903607,3074457345619577821,3074457345618709331,903507,903548,3074457345619516342,1616687,871354,627155,3074457345619337330,3074457345619560346,3074457345619432826,1182156,903719,903648,1120657,3074457345618773328,903493,1042154,1023165,3074457345618613336,996163,996166,1075671,3074457345619186319,1216186
816829,1216180,3074457345618642843,1218180,1130668,1266161,1218188,3074457345618583823,1081663,871480,3074457345618604825,1161654,1373158,3074457345618504829,446476,903528,903701,1086689,903754,3074457345618514832,1746663,1294657,1669166,3074457345618856334,3074457345619334836,3074457345618848833,3074457345619200321,3074457345618684819,471492,855269,1333152,3074457345619475824,1195724,1681192,903795,3074457345618524820,1634693,1634676,871425,1075679,3074457345618590819,1081414,1591153,1213166,903524,1081394,3074457345618613339,903627,1323224,487656
958655,1291167,903649,1120660,871467,903686,1020162,903589,863158,1086696,903639,903675,3074457345619705328,903759,1759154,903780,3074457345618741326,3074457345619669329,3074457345619432831,1027656,3074457345619323325,3074457345619475824,903537,3074457345618537826,3074457345619705325,741154,1619654,903737,1291165,903546,1047673,3074457345618613346,903711,1616691,3074457345619676335,903522,903643,871480,903676,871428,3074457345618641823,903587,3074457345619676336,903526,3074457345618753830,1266162,1099163,3074457345618895336,871396,3074457345618797322
1194152,3074457345619630319,3074457345618476458,1108660,3074457345618741327,3074457345618737829,1382157,3074457345619584819,1137173,1216186,1075673,1448156,1111186,1470677,1261660,452846,1634677,1099163,3074457345619285328,3074457345618514830,438597,3074457345619608829,1374172,1361152,1254652,1075674,1374655,3074457345618884319,1746662,1291173,3074457345619439319,1273702,871448,1014659,3074457345618721829,778255,136724,903750,1111200,3074457345618857323,3074457345619474321,477695,871340,1111230,903714,3074457345619432826,1075675,871320,1266162,1616682
1583155,1216179,1050217,871484,1045184,3074457345619329852,361540,3074457345619328836,1216171,903508,1081224,3074457345619198823,903679,3074457345619516346,3074457345618613345,3074457345618507827,903621,3074457345618498331,903671,1081154,903724,1695179,3074457345618474325,1049198,1622300,3074457345618857322,394259,1177156,871404,3074457345619682328,871440,1475167,3074457345619623324,871427,903786,3074457345618903831,855291,903677,1111202,1145683,1346655,1297659,3074457345618642905,903674,552479,3074457345618642853,903491,903702,3074457345618881821,1024160
903632,903544,1345677,1037164,3074457345618903823,1020162,1133165,482991,3074457345618899823,3074457345618590833,3074457345619045822,1133162,136705,1111162,1186182,1049196,903689,385554,871372,3074457345618478321,3074457345619337333,1045196,1616706,903631,903797,1319655,1654171,706656,3074457345619642322,3074457345619136343,3074457345619136329,3074457345619144323,903783,871392,1081182,1343159,1622299,138151,3074457345619343325,3074457345618642845,1081240,3074457345618514827,871389,3074457345618995336,3074457345618613346,1075683,836223,1195668,1291171,836200
1137171,446559,903512,1669170,3074457345619498823,1218183,871468,3074457345618993319,1681154,1075670,1448164,3074457345619406827,3074457345618730430,1469653,1324676,871445,1689653,1681200,445496,1616679,3074457345618709332,1634694,871453,903615,3074457345619055325,3074457345618526822,836215,3074457345619328833,903777,476104,3074457345618661319,1068668,1023172,3074457345618604824,1049354,1614655,871343,3074457345618642863,1130665,3074457345619037319,3074457345618575848,903684,3074457345618770853,903644,903746,1014157,1154662,1409716,1345684,3074457345618642875
3074457345618654480,1297294,138051,541683,3074457345619268831,137972,3074457345619344425,138235,409382,1113162,136196,139598,138974,541679,3074457345618645662,3074457345619147331,1310656,1230174,586655,138738,364615,3074457345619094828,138572,3074457345619130448,139138,138318,3074457345618772863,359537,3074457345619209360,138973,1269241,3074457345619231338,3074457345618772866,138666,3074457345618811407,3074457345619240829,3074457345619231333,138542,3074457345618811414,1767165,446540,138791,3074457345618595857,138651,1571683,1240179,137771,139067,1213164,137887
3074457345619248333,913657,622151,918151,1621652,1074652,1004661,3074457345619248334,3074457345619114826,1138658,1029663,1147154,1455152,1426160,1406154,3074457345619074320,913671,3074457345619652818,3074457345618663818,1426163,1029657,978656,923156,1175652,1787651,1543651,1138653,629154,3074457345618972822,3074457345619562326,988152,3074457345618938830,3074457345618968818,777153,1078656,1102152,978652,3074457345618938833,3074457345618500820,1443652,1339662,1074653,3074457345618619818,1632154,923153,1334151,1339663,3074457345619315319,1339660,3074457345619573818
446556,1099171,1681176,1049218,1671657,903652,1049226,1099169,836209,1086677,1086678,1746659,1033652,1475164,1049314,3074457345618902325,381057,3074457345619571331,1111188,3074457345619008323,1273705,871433,1616680,3074457345618990344,903693,1319654,3074457345619432830,1049254,871477,3074457345618540320,3074457345618770845,1404841,3074457345618970833,3074457345619457324,3074457345618642925,1654659,903668,3074457345618975319,3074457345618979819,1133163,1218175,3074457345618866830,1111218,3074457345619008325,1374152,1484663,3074457345618718883,758183,579664,1049336
1166153,903713,1024156,1725156,3074457345619008319,1014156,1050659,903721,407397,3074457345619119822,3074457345618642903,1137167,3074457345619376820,1388154,3074457345618857321,468086,836217,3074457345618507830,3074457345619376821,903603,1308656,1186154,1681164,1091663,1291167,1720665,1074175,3074457345619662322,775662,1049174,3074457345618919992,1782652,1616696,1195742,1186176,3074457345618895331,3074457345618576826,3074457345619703826,1111238,454904,903761,3074457345619136319,3074457345618711879,471508,3074457345618583825,1343160,1111234,1549238,1457675,1634688
3074457345618504823,3074457345619429370,3074457345619094237,726582,1433207,137823,3074457345619073825,763168,1181153,618166,726414,726830,10277,3074457345618819821,867164,727404,854501,3074457345619673825,1115158,139193,1717665,1261314,3074457345619092847,1630211,726586,3074457345619429405,929152,727450,679658,1362459,137809,3074457345619373336,3074457345619251826,3074457345619035823,3074457345619351835,139384,1160653,561671,1688664,1490159,1160154,3074457345619448331,1503162,1260652,3074457345619429383,503100,3074457345619094023,3074457345619092851,1732356,1471808
1720664,1720668,3074457345618659821,1319654,903524,3074457345619385328,1319655,871485,777661,3074457345618664324,1634677,3074457345619279837,1642654,3074457345618498333,3074457345618583823,3074457345618848832,871441,3074457345619438319,1475162,871364,1066152,871445,903664,3074457345619196327,1145676,3074457345618970828,3074457345618583825,858664,943669,903748,1746663,3074457345619516338,3074457345618514828,1145678,903740,871425,3074457345618902325,896661,903552,871391,1695179,1634693,1642152,903755,3074457345618519326,871447,1068678,943663,3074457345618589827,871357
1556156,1764165,1212744,3074457345618830323,1049182,747659,138225,3074457345619451327,138573,3074457345619373338,905656,726592,138527,1556160,3074457345618556323,763170,3074457345619064821,3074457345618912845,1285158,3074457345619094247,3074457345618830333,3074457345618885827,947652,3074457345619035833,137612,139169,1764163,743668,726482,727138,3074457345618719823,561684,1471804,3074457345618574826,3074457345618546819,456024,727058,1556164,1711662,1241807,3074457345619094221,727250,3074457345619073823,1629652,3074457345618875145,1358652,1016162,300152,1655724,727060
1159152,1049250,1049234,1735652,1448152,3074457345619676338,1023169,3074457345618498332,3074457345618590853,3074457345618851849,1291168,3074457345618919996,1041796,1086685,1091671,1111224,3074457345618485828,1081348,1081222,1345693,903565,1261662,3074457345618995338,871482,1616685,1075680,903720,3074457345619363323,945162,3074457345619303837,871333,1655714,1372155,903628,3074457345619676337,1777654,1049176,3074457345619416829,1088657,1562652,3074457345618616323,1308658,1045182,3074457345619134824,3074457345619134827,1448158,1049180,1068678,1552662,3074457345619429408
3074457345618903321,871371,768158,903685,1053662,1106154,1087159,1292655,638653,3074457345619374835,541680,1323654,1470676,1614654,946653,3074457345619253821,871343,1470669,3074457345619068820,1616679,1103154,3074457345619240831,3074457345618895339,903674,1315153,716154,1729159,1056652,3074457345618879319,903786,3074457345618932325,903567,1669163,3074457345619720321,903525,3074457345619334832,1099170,3074457345618862331,1770153,3074457345619616323,597652,3074457345619132824,773652,903739,3074457345618575843,1671656,3074457345618565336,1294658,903489,3074457345619516347
1174167,1111156,1371153,1008161,3074457345619436823,871415,1195734,1264152,3074457345618995346,1218184,3074457345618642899,836213,903500,3074457345618730401,1448162,3074457345618770827,3074457345619475024,871336,903626,903734,444491,694881,3074457345618642885,1475160,3074457345619374831,1224167,903648,3074457345618970831,871401,3074457345618774819,871443,903556,836240,1012659,1688676,1374182,1583157,3074457345618575843,438171,3074457345619616322,1045185,3074457345619113319,542188,3074457345619018323,1475161,1216170,3074457345618642873,3074457345618880335,482989,1156165
3074457345618851845,1746660,903608,1622295,3074457345619025836,1276652,468240,871322,3074457345618590861,552160,1608654,3074457345618641823,1050658,903587,1081162,3074457345618851843,3074457345619349331,3074457345619705327,871409,1681190,1782154,3074457345619488323,3074457345619132828,1345674,1681170,3074457345619391331,1045195,1195694,3074457345618737833,1273707,903551,3074457345618572319,3074457345619000829,903539,904664,3074457345618579819,903600,1470667,1133171,3074457345618753825,903614,1554652,446471,1719192,1182652,694882,903785,1735660,3074457345619610421,1720660
3074457345618579819,1405153,1086697,3074457345618575845,1218191,1209169,1068677,1075676,3074457345619323326,903738,716156,3074457345618741328,1099166,1345688,1472652,1470671,789159,1086683,3074457345619676338,871416,1166154,3074457345618604825,903730,1669162,1616688,1075677,3074457345619626330,945166,3074457345618498335,626161,3074457345618881822,1161656,871328,702652,3074457345619560351,903582,1045183,3074457345618648820,1218186,3074457345619595821,1028152,903793,1794656,945160,3074457345619303838,3074457345619642322,1156165,3074457345618613351,903588,3074457345619516348
1642654,871334,1008157,420054,842153,1655670,871460,583195,3074457345619243819,3074457345618590841,1655702,903728,1374658,1244706,1287653,1735654,1049276,3074457345618770843,1374176,871467,3074457345618974321,836229,1218190,903584,1738652,1099167,1224161,1759153,3074457345618895335,1616700,3074457345618699325,3074457345619144333,3074457345618711874,3074457345619348329,1075686,3074457345618590877,3074457345619334844,1432477,3074457345619388831,871475,1705656,903538,3074457345618866839,1145682,1209174,1344154,903577,3074457345618483435,3074457345619266320,3074457345619703824
3074457345619388839,3074457345619282319,1156166,871394,1021666,3074457345619031319,1209165,1053661,996164,3074457345619307825,903752,836201,3074457345618808323,1137174,3074457345619303849,3074457345618881823,837153,1404152,1496153,3074457345619242819,1353654,775663,3074457345618861324,1307655,1177154,1021661,3074457345619284328,1424652,1126670,1070652,3074457345619209828,3074457345619134826,3074457345618736822,1224161,871419,1218181,903694,1126665,3074457345619676334,3074457345619662323,1071654,1597655,1725156,1616693,904662,925700,1671657,3074457345619374321,1527156,836207
929154,139568,727172,139329,1277656,726874,1550654,3074457345619094054,3074457345619035829,727380,1744260,3074457345619271837,727118,999657,1111180,138372,3074457345618599346,1433210,138269,1234674,10308,3074457345619441825,138244,1234664,3074457345618689819,3074457345618719824,1711663,1464656,139038,139372,137344,3074457345618949835,3074457345619441827,726798,3074457345618880842,905658,3074457345619094235,3074457345619044823,726920,726438,1018682,1471798,3074457345619429375,1190154,3074457345618768321,3074457345618660938,139326,3074457345619431865,972341,3074457345619267839
405905,3074457345619271819,726894,3074457345618756823,1151653,3074457345619237841,1285164,3074457345619594819,948796,3074457345618826325,3074457345618824327,1382160,1206652,3074457345618785321,618161,1752160,1064336,1594231,626160,1594230,139591,726658,138204,618168,561189,999660,747658,1234662,742160,3074457345619668320,482751,3074457345618942819,1072215,561682,1633656,1633654,10316,3074457345619237839,137575,3074457345619094050,137053,3074457345619092848,1168836,3074457345618787319,1454192,3074457345618830339,726480,3074457345619326825,3074457345619608826,3074457345619092846
1049316,903581,3074457345619369823,1655676,1075685,3074457345618927874,1195756,1374168,1622301,871469,1382158,3074457345618721837,1454658,1137181,1081232,466632,871339,1095652,1045194,3074457345618709331,3074457345618991856,3074457345618866832,1141159,3074457345619144341,1558152,3074457345619388832,1681202,836210,1154667,904663,3074457345618699319,1655674,1086694,1324675,1111192,3074457345618474324,1195670,1634673,3074457345619610420,903705,3074457345619341330,3074457345618753828,1049152,3074457345619341332,1374656,1145684,3074457345619246821,1037161,1374160,3074457345619422319
903502,1775654,3074457345618664322,3074457345619246823,1767262,3074457345619025844,1023165,871377,3074457345618546829,1195712,3074457345619337332,1291170,1209169,903507,871456,3074457345618642887,453405,1081276,3074457345618476402,453737,3074457345619662321,775661,1655704,1075682,871421,1326677,1130676,1141158,1045177,3074457345618642835,903573,3074457345618737831,3074457345618498336,871417,3074457345618725321,1049308,1213159,3074457345618490832,3074457345619387819,423970,871382,3074457345619209825,1081250,3074457345619136335,3074457345618714824,1045178,1023167,1138164,903549,703260
3074457345618768319,3074457345619005823,1471802,1370174,1687210,1655720,1363152,3074457345618961819,921154,727174,3074457345619271841,1188156,138430,726858,1549236,1701666,1471806,3074457345619673827,1168794,3074457345619094246,139639,867160,139640,1270657,3074457345619094094,1530658,726406,3074457345619094063,139091,547152,3074457345619271821,3074457345619251827,3074457345618942821,1671183,1285154,1064367,1130669,3074457345619293863,3074457345618805821,3074457345619094223,1465656,726404,1471732,561681,872160,727162,3074457345619094226,3074457345618624328,3074457345619443829,1698654
1047666,1047678,1791157,1763151,3074457345619348325,3074457345618991849,3074457345618474324,3074457345619344825,3074457345619533333,1086700,871448,274700,871412,1514654,903736,871475,1720665,3074457345619359331,871484,3074457345618991858,871344,3074457345619045822,3074457345618995346,1634675,1086698,1456659,3074457345618589823,1154662,3074457345619388834,1634687,1394660,859652,1634690,3074457345619560344,3074457345618540320,1634674,871355,3074457345618547834,1345686,3074457345619348329,1123658,3074457345618837826,1727152,1558152,1475164,1687655,1172152,3074457345618866838,836233,965152
1137174,3074457345618880325,1737668,1218187,1225658,1470665,1099172,903793,3074457345619025839,3074457345618642839,3074457345618533319,1493654,1137178,903529,3074457345618991858,3074457345619676341,1081198,1049262,1275655,3074457345619391329,3074457345618519327,871362,1081218,945164,871358,3074457345618590827,1049216,871474,3074457345618880337,468265,903496,1049248,3074457345618903819,1345688,1081274,1655666,1616691,871324,1195696,3074457345618642861,3074457345618642829,3074457345619416841,903517,1108661,3074457345619303843,3074457345618995343,3074457345618853831,1270247,1448160,1111176
3074457345619692320,1674242,1433198,949162,1732676,3074457345618613349,3074457345619094132,1731670,890235,3074457345618785323,3074457345619491321,643233,10359,1094162,1673167,10294,947654,3074457345618537825,1182154,727444,1433211,444067,138316,3074457345619237827,3074457345618647079,3074457345619271839,138976,274686,1011656,3074457345619094066,138767,1786168,3074457345619251825,138216,1723652,3074457345619067827,3074457345618504819,727156,3074457345619094064,726732,3074457345619094251,3074457345619251828,1193652,3074457345619351819,3074457345618737819,503103,1362531,1168832,726202,138191
1177154,1021661,3074457345619284328,1424652,1126670,1070652,3074457345619209828,3074457345619134826,3074457345618736822,1224161,871419,1218181,903694,1126665,3074457345619676334,3074457345619662323,1071654,1597655,1725156,1616693,904662,925700,1671657,3074457345619374321,1527156,836207,1616704,3074457345618741325,828155,903720,3074457345619267831,1291172,1099169,1216179,1086689,1597656,3074457345619209826,3074457345618565340,1594659,3074457345619600829,1307656,3074457345619374837,3074457345619267836,1458175,3074457345619623326,871326,1216178,1520156,3074457345618932324,3074457345619555325
1081350,1081178,1081404,3074457345619202327,1049352,1345694,1081342,871381,3074457345619057821,1216172,1186156,3074457345618770821,1143671,871371,1086682,1457673,3074457345619416843,3074457345618514829,3074457345619025834,1195772,903694,829746,1486164,1634682,3074457345618642889,3074457345619348328,3074457345618903821,3074457345619406832,1655688,3074457345618504825,1374164,1041794,1486168,3074457345618576828,1291177,1145681,3074457345618642837,1569187,3074457345618880323,3074457345618613347,3074457345619314827,1599154,1470672,3074457345619391333,996162,454902,1023170,903659,1218179,1081204
136424,3074457345619682326,3074457345619094154,3074457345619439339,1212818,3074457345618877319,925696,743671,3074457345618984824,1530656,3074457345618928319,3074457345619094152,742164,726964,3074457345618560328,10276,3074457345618951325,1285166,3074457345618580928,726790,1111254,3074457345618830325,1064441,139587,3074457345618880835,1740658,1532154,727258,1786170,3074457345619271835,985153,139132,3074457345618768327,138480,1085820,138524,1094156,618160,816152,3074457345619092854,1433200,3074457345619094044,1550652,1064327,3074457345619673824,137829,3074457345619373333,1356166,726700,1471801
3074457345619279837,1643670,3074457345619349321,3074457345619369826,1720667,1634680,3074457345618572327,1195736,1049188,1091662,1638336,3074457345618995344,1123655,1186170,479933,1154666,1470673,3074457345619449332,1081400,1049256,1145685,1619654,3074457345619055326,3074457345619132824,3074457345618851839,903767,3074457345619186319,468651,1145692,1186196,1498158,3074457345619385328,3074457345618490833,1014660,1169159,1111154,365359,1081270,1081278,1260656,1510156,1669168,1169165,3074457345618834322,3074457345619284331,1737158,3074457345618792328,3074457345619511319,3074457345618506319,1720661
926652,1744652,1315652,139133,1556152,3074457345618951321,3074457345619000323,1702164,1701665,932654,727292,139567,3074457345619059321,949164,1267153,139324,1764174,3074457345619589823,747660,307652,3074457345619094053,3074457345618883832,3074457345619441833,3074457345619373342,1249652,3074457345619094245,3074457345619271829,3074457345619094243,3074457345618737825,3074457345618631826,3074457345619237821,1556170,1780652,756309,3074457345618628329,902154,922660,1516166,282154,3074457345619094095,139612,3074457345618624327,3074457345618648821,1732336,1064395,139039,1495152,811152,1687212,1027209
444993,1014158,3074457345618789819,3074457345619439325,1211666,454909,1404813,903683,1669163,1456658,3074457345618991853,1209163,1220655,903738,871374,1475163,871355,871419,3074457345618580934,871361,903685,3074457345618770829,1483652,3074457345619516352,3074457345618848832,871405,871331,903533,3074457345618856332,3074457345618848829,1737666,1086683,1027656,1023163,1049322,3074457345619198822,3074457345618991868,3074457345618572323,3074457345619303849,1655686,3074457345618627320,1612664,836227,1291175,3074457345619488329,903794,1326678,3074457345619307824,3074457345619219826,3074457345619018821
1221654,1482163,3074457345619422319,3074457345618991853,3074457345618519328,1014155,1319656,896663,858660,1345685,1316663,3074457345619388835,903712,3074457345618848833,836214,871455,3074457345619328835,1145691,871473,3074457345618493819,3074457345618843320,871402,3074457345618991857,3074457345619319330,1047680,1345673,1074171,3074457345618499822,858659,1784652,1345678,871327,3074457345619337331,3074457345619334842,858663,1634694,1086702,1374656,1746659,903644,871477,1316661,3074457345618991862,3074457345618519331,1107652,3074457345619319325,1631652,903714,3074457345619334838,3074457345618991863
1049206,3074457345618613336,3074457345619488319,3074457345618991863,1655696,903541,871485,871486,401509,807944,903582,903611,3074457345618845825,3074457345619369344,1654177,3074457345619349329,1081262,1681196,1113174,3074457345619319329,3074457345619662323,903585,1395280,903736,3074457345619386819,3074457345619198821,1075677,3074457345619406826,1291166,1345675,1216174,1216177,1688660,1532652,871437,903787,1145688,1225656,1086702,3074457345619284330,3074457345618744819,3074457345618880331,836242,1601659,1049186,3074457345618695319,3074457345619703825,903723,3074457345619136331,3074457345619303845
1671658,1137182,3074457345619516341,1655680,3074457345618576830,3074457345618535826,836237,903666,3074457345619596822,871472,3074457345619303842,139293,3074457345619000826,1023164,1081156,1216175,3074457345619251342,1345692,1654183,836225,3074457345619584823,903667,1195750,3074457345618580946,446555,1218176,1688656,3074457345618851829,903661,3074457345619202325,1622296,3074457345619535819,903733,1638308,903653,3074457345619530824,487636,1688670,3074457345619006418,465209,1525152,1224165,1746661,3074457345618575850,3074457345618599335,3074457345618834325,1044652,3074457345618476376,828154,1073654
913666,3074457345618920319,1084652,1165154,704653,1350152,1205651,907656,1173658,1158152,1158164,907680,907701,1047674,3074457345619166324,1345682,3074457345619533328,3074457345618902329,871457,1394659,3074457345619503320,3074457345619025839,871389,1047668,3074457345618970827,1145688,903496,3074457345618991856,3074457345618854350,1294657,1346654,3074457345619269326,896662,3074457345619440821,3074457345618581822,1326672,871449,3074457345618854363,706654,3074457345618859319,3074457345618587819,1291175,1374655,1514653,1656662,1394664,1482167,3074457345618866840,3074457345618991848,3074457345619025841
3074457345619378319,1794658,1075673,3074457345619516345,871374,3074457345619284333,3074457345618543833,836221,3074457345619388832,3074457345618721829,1126666,3074457345618773327,3074457345618882822,871345,1154664,1669164,1218173,1139652,836243,3074457345619498823,1050656,1050658,1644156,3074457345619703825,626162,1156163,3074457345619425324,1216172,1482169,1145679,1023166,541694,3074457345619314825,3074457345619209829,1382159,1344153,3074457345619615822,903608,3074457345619119825,3074457345618862333,3074457345619665319,1345684,3074457345618854356,903721,1099167,925702,1398152,1176164,1099171,1209170
1775654,1345675,871363,1463658,3074457345618854345,1075681,1616686,3074457345619359335,871407,3074457345618790823,871435,1583158,836230,3074457345618995347,1145677,1130676,903776,3074457345619025843,1005660,903757,3074457345618790824,3074457345618498332,3074457345619334839,3074457345618866835,1291177,3074457345619025838,1086699,1634689,1622664,3074457345619025836,3074457345619307822,1414156,1014156,1689654,896666,3074457345619388836,1612663,3074457345619395821,3074457345618991873,1737667,871437,1738652,1154666,3074457345618498337,1634673,3074457345618848836,1045186,3074457345618627321,1634683,903597
139613,3074457345618624331,3074457345618901321,1035846,743672,1036156,905662,726976,3074457345618878823,1711664,1764172,1017152,3074457345619448341,499868,922656,3074457345618826329,3074457345619633327,3074457345619092852,138374,3074457345619005835,1064438,727052,3074457345619663833,1233390,1362446,3074457345618639321,139116,10362,3074457345619400821,3074457345619094080,3074457345618610319,726646,726248,3074457345619092849,726258,756316,3074457345618631824,3074457345618885831,1233413,3074457345619053819,1673177,726972,1702161,1442161,972348,3074457345619344824,1454193,138379,1188154,3074457345618878822
3074457345619073827,3074457345618613338,1687209,3074457345619441835,1660652,750152,3074457345619267832,3074457345619032819,3074457345618824331,974652,139382,726668,3074457345619533332,139378,1370166,689659,1370176,138429,3074457345619431839,1786152,1113196,3074457345619429407,1465655,139383,1072654,726978,3074457345619094031,1328792,3074457345619451319,3074457345618787321,1377661,1011270,726338,3074457345619448325,1673176,1141160,726552,905666,726896,561678,139380,138547,851152,3074457345619094249,1370158,3074457345619431831,3074457345618624329,3074457345618580927,3074457345619594821,3074457345618922321
3074457345619560350,1725154,3074457345619374836,3074457345619676340,1099164,3074457345618507827,1216181,903798,3074457345619285328,3074457345619703826,893154,1045188,3074457345619669328,3074457345619577820,903554,903661,1045192,1753660,871347,903660,3074457345618861323,3074457345618507826,1169166,1063153,1012659,903528,809155,541687,903679,1470668,1638664,1216170,871340,789161,3074457345619337329,3074457345618856332,3074457345619229819,951152,1225655,3074457345619343324,3074457345619303851,903646,3074457345619328833,1294656,3074457345619284330,3074457345619432828,1782154,1224167,1789152,3074457345618895331
1049230,903518,3074457345618974322,1143679,903630,3074457345619449329,3074457345618721831,3074457345618575847,3074457345618853829,583188,1454657,1027655,3074457345618991866,871354,903675,903505,1111248,1720663,871330,1224162,1218178,3074457345619608830,3074457345618741326,3074457345619202326,359825,3074457345619595820,3074457345619334838,836205,1655692,1345682,1481158,1681156,3074457345618737835,958657,903622,3074457345619475030,3074457345618991875,1045189,3074457345618590835,3074457345618642827,1514653,1655668,3074457345619516338,836216,1081220,1195686,3074457345618795329,3074457345619439323,1354655,829741
3074457345619516339,903729,3074457345618546827,1186160,446472,3074457345619319330,1049224,903725,3074457345619025838,3074457345618881822,3074457345619564319,1445652,777661,1081258,1432445,453739,3074457345618848837,1484667,871414,1049298,871373,1484662,1346654,3074457345618995347,3074457345618770859,1343158,3074457345619176319,3074457345618540321,1138162,3074457345618845819,3074457345618700319,3074457345618730429,903578,3074457345618642851,836233,871365,1209171,1195708,3074457345618991871,1508153,3074457345619416845,1616688,1154668,903493,3074457345618902327,3074457345619328837,903717,1145690,1345686,1258192
3074457345619337328,3074457345619385326,1614656,1432452,1049210,3074457345618641822,1186190,1432468,3074457345618589823,1045187,1433216,3074457345619132825,1220656,871403,1195664,3074457345619072823,3074457345618718891,3074457345619642321,1111184,1655672,3074457345619385329,3074457345619488331,1374174,3074457345619626330,3074457345619475822,1049214,3074457345618848828,903727,3074457345618575841,903623,1218173,1111190,777663,3074457345618974323,1273706,1176162,1398152,1081166,1195774,1111194,1186184,3074457345618642855,3074457345619000827,3074457345618543832,1138161,3074457345618711866,903716,836212,1655664,477694
3074457345618499821,3074457345618642907,3074457345618912837,3074457345618991849,1616693,1186178,3074457345618902329,1081661,3074457345618642847,1145675,1012661,903509,1616684,3074457345619385324,1133164,3074457345619025841,1616683,3074457345618741329,1020161,1195676,1037162,1467152,138559,3074457345619391325,408456,1729161,1655716,1209167,1520158,903700,1081194,1746658,3074457345619453325,1209165,1260668,903563,3074457345619303839,903526,3074457345618713401,789656,3074457345619314823,3074457345618590849,1111204,3074457345618851823,3074457345618642897,1634686,1081260,3074457345618902324,1108664,3074457345618848831
755652,1094158,3074457345618689831,139614,3074457345619441843,727452,3074457345619094022,3074457345618785319,726590,3074457345618980825,1219155,3074457345619271827,3074457345618564892,939674,3074457345618639325,689660,1241804,3074457345619431827,1725155,3074457345619094036,1064369,3074457345619608828,905664,138240,3074457345619094211,1723656,3074457345618830337,700662,727324,727056,3074457345618906319,1698240,726792,3074457345619273319,1156164,1671185,1664652,3074457345619441839,726730,361844,3074457345618613348,1484668,3074457345618768335,3074457345618935396,1732696,922658,727328,1653261,3074457345618787327,727186
476073,3074457345619553320,274709,941652,3074457345618515319,3074457345619094219,3074457345618922320,726988,727308,1094170,3074457345618629821,3074457345619351829,3074457345619094227,3074457345618951319,3074457345619593820,1786160,618167,3074457345619429368,1740660,3074457345619491319,3074457345619429378,941658,3074457345619094239,901078,3074457345618925320,1764169,1234676,3074457345618576832,1718152,727454,1655726,137897,941666,1711665,1786166,3074457345618515323,1212730,911654,1241836,1764170,1370172,948905,3074457345618664325,726970,3074457345618575846,1261313,3074457345618869465,727346,3074457345618718897,768159
1014157,3074457345618998825,1045178,3074457345619560336,3074457345618855321,943670,1123655,1074170,3074457345618715820,903490,3074457345618822819,3074457345618866830,3074457345618866834,1469653,871423,1414155,3074457345619319329,3074457345619348328,1145689,1656664,903595,1145674,1074175,903794,871392,1345677,3074457345618848829,903624,1612666,3074457345618583822,3074457345619533327,871466,1695180,3074457345618661319,3074457345619029828,1345679,1372155,836218,3074457345618665319,3074457345619359334,3074457345618514830,943662,836208,871362,3074457345619025837,858661,3074457345619498827,1638668,3074457345618854360,871427
1616697,3074457345618524821,903595,903640,1681172,871420,1616687,1493655,3074457345619369347,1050216,3074457345619266321,1777652,903660,3074457345618853819,3074457345618590825,1612668,3074457345619391323,1737661,871447,1049288,3074457345618848835,871364,3074457345618546837,1688666,3074457345619202330,3074457345619493819,945161,1345689,1049252,1209166,1638665,3074457345619542325,3074457345618991862,871402,3074457345619571330,1195654,3074457345619556319,3074457345618737837,137592,3074457345619144335,3074457345619388830,1291176,3074457345619705325,1075684,903497,3074457345618770833,400450,3074457345619208370,1130674,1634685
3074457345618490832,1074172,836225,3074457345619535819,3074457345618494832,871414,1316658,858665,1722652,1047667,3074457345618472319,1061156,3074457345618790822,3074457345618790825,3074457345618866831,1154667,836206,1374657,871469,1702167,3074457345619279832,1634680,1483652,674653,3074457345619406829,1045181,3074457345619633324,1634686,3074457345619359328,3074457345618613343,3074457345618514832,1154668,1656661,3074457345619328837,871486,1316662,1169163,3074457345618547832,1484661,871366,1630654,3074457345619560337,3074457345618628328,1482164,836205,1687656,871404,3074457345619453324,3074457345619269328,3074457345618854365
1409704,3074457345618785327,1374166,717892,1258188,1536654,3074457345619348327,3074457345619595821,3074457345618796319,1081172,3074457345619018820,903776,3074457345618590859,3074457345618546833,3074457345619488321,3074457345618894365,3074457345618590875,1319656,3074457345619676339,1291174,3074457345619676333,1111174,1050656,1123657,836222,903513,1186180,1081354,1049264,903638,1619653,3074457345618795334,3074457345618507829,3074457345619335821,1784652,1201152,3074457345619668321,3074457345619436821,836244,1195728,1081252,903558,1045197,1622666,1137179,3074457345619516343,1655662,3074457345619303838,903634,3074457345619388610
3074457345619094248,3074457345619094238,1156161,3074457345619553321,1277654,3074457345618867823,727070,726562,726638,726780,3074457345619094236,3074457345619388837,726868,1212738,3074457345619429371,1060665,3074457345618756827,10293,1297657,3074457345619092858,747657,679657,3074457345619094020,1597657,925697,3074457345618951323,3074457345619094254,726460,3074457345618800829,138448,585375,1035154,138981,726558,138961,1219156,3074457345619094228,1497658,3074457345618631825,3074457345618737823,1656152,3074457345619707821,3074457345619072327,727446,1164188,1254328,3074457345618869819,3074457345619351839,1594229,3074457345619441819
3074457345618995338,3074457345619341326,3074457345619307823,3074457345618543828,1291171,903628,903580,903723,1345674,871479,3074457345618902326,339652,871334,3074457345618991875,1169161,903732,3074457345619334844,1426154,3074457345619587331,688152,3074457345619629318,1339661,1102155,3074457345618585321,3074457345618922818,1736155,923154,920153,920155,3074457345618486818,3074457345618510319,978654,1337651,1029658,913652,3074457345619509318,913654,1367153,3074457345618561818,1736156,3074457345619381818,3074457345618972818,3074457345619414818,1474151,913662,1339656,1029659,3074457345619248331,3074457345619472823,3074457345619317818
3074457345619381824,1078657,663657,810163,907690,3074457345619587319,1575152,3074457345619272320,1487151,3074457345619656320,1406153,907677,907678,907653,3074457345618938821,907685,3074457345619587323,790652,734151,3074457345619645321,1610651,1173679,3074457345619392820,3074457345619384321,907694,3074457345619270325,1450651,3074457345619270320,3074457345618830820,1150158,3074457345619384324,1226655,907668,1522155,1327154,3074457345619013337,3074457345618890318,1238651,3074457345618816822,1084653,3074457345619272318,3074457345619270329,865652,1062152,3074457345619591818,721151,3074457345619656328,3074457345619272327,907665,1350153
3074457345619563357,3074457345618770831,420098,3074457345619329851,3074457345618753345,871476,3074457345618575851,1508154,836241,1186194,3074457345618642821,903764,1099164,3074457345619488819,3074457345618970832,836220,1027654,1111178,1137176,3074457345618483822,1086684,836201,1081338,3074457345619005821,1138158,903649,871463,3074457345619136341,1634678,871399,3074457345619099821,3074457345619388834,1484665,903525,3074457345618875081,3074457345619014821,3074457345619341329,1414155,1470674,3074457345618898821,1261346,903784,1638307,3074457345618580923,1273703,3074457345619416847,903562,3074457345619119825,1186174,3074457345619279503
3074457345618740318,1165156,3074457345618775822,330151,3074457345619573822,3074457345618997319,3074457345618830821,1522151,3074457345618816820,1173651,1208657,3074457345619521820,998651,3074457345619275820,839179,1387151,810156,1150157,1173654,3074457345619541821,3074457345618868318,891655,3074457345619318318,3074457345619534818,3074457345619699818,3074457345619384322,1158160,1173664,3074457345619623818,1173680,3074457345619272324,3074457345619472818,960653,839161,640656,810162,1575156,907674,3074457345619013320,1426153,3074457345619337818,3074457345619562319,1487153,3074457345619114818,1350151,1158163,881651,1641151,1173683,1173682
3074457345618851835,1049324,825142,1111236,3074457345619406833,3074457345619145819,3074457345618498333,1186152,3074457345618642895,3074457345618845821,3074457345619029825,871357,3074457345618856335,1045192,1049330,1287654,3074457345619279835,1008160,1616702,903596,1218177,3074457345618991851,903588,1045191,396585,1216169,3074457345619703827,1622663,1373157,1737162,3074457345618853839,3074457345618714825,3074457345619334835,3074457345619516340,3074457345618590855,3074457345618939819,1049292,1599153,3074457345618490559,871435,1616694,3074457345619584821,1108659,376241,3074457345618537824,1133167,903576,1096652,3074457345618853821,1244683
1045184,3074457345618820819,871390,1759153,903749,3074457345618817319,1470675,1218178,1024156,1020161,903604,3074457345619560335,3074457345618721831,3074457345619626339,3074457345619374322,903584,3074457345619555324,1266163,1390652,1382158,1086678,3074457345619044822,3074457345619341333,925703,903713,1137170,3074457345618810827,3074457345619303840,836241,3074457345619328828,3074457345619132829,1671655,3074457345618802320,3074457345619488819,903495,1047672,903678,1037160,775668,3074457345619402837,541674,3074457345618575844,903531,1266161,3074457345619626335,903756,3074457345619555322,3074457345619560349,3074457345619363322,3074457345619013821
3074457345618818819,3074457345618848831,903637,903750,3074457345618848834,3074457345618854351,3074457345619335823,1702169,3074457345618494829,1033652,3074457345619533331,871450,3074457345618498334,1702162,3074457345618543827,896664,903512,871424,1395658,1656660,903662,1638661,3074457345618848835,1045194,871399,1075683,1145673,3074457345618490827,1475161,903551,1791158,1482166,3074457345618575853,707654,903629,3074457345619033820,871459,3074457345618866833,1612667,3074457345619025844,1663153,1454657,3074457345618537825,3074457345618854361,3074457345619000825,3074457345619530827,3074457345619348326,3074457345619626331,871381,3074457345618917323
3074457345619369827,3074457345619341331,3074457345618660318,775666,1260672,1638294,3074457345618485829,3074457345618866833,3074457345618583822,3074457345618613350,871326,903559,1081334,3074457345618784319,1049318,3074457345618600841,1655682,3074457345619202331,1186652,3074457345619319326,3074457345619044822,1616704,1111212,1622660,1634681,3074457345618572321,1049244,1681184,3074457345618848836,3074457345619144325,1767283,871349,373221,3074457345619049819,1371154,3074457345619284327,816734,1456659,542189,3074457345618939823,1345683,3074457345619328834,1634675,1372154,723654,871422,3074457345618702321,1049294,3074457345618810825,3074457345618642865
3074457345618641824,3074457345619449330,903625,871348,3074457345619638319,3074457345619057820,3074457345619425322,3074457345618479321,3074457345618575847,1616696,3074457345619669331,3074457345618898823,3074457345618932323,3074457345618660318,1177156,3074457345619595820,3074457345618773325,836238,903565,1005657,3074457345618565339,1177155,1335652,3074457345619637319,1747657,836199,3074457345619224820,716155,836217,1218174,3074457345618490831,1099168,1458176,3074457345619284335,3074457345619662321,809156,549656,1218188,1209171,775661,903631,871481,3074457345618575856,3074457345618498329,903657,3074457345619425325,1161654,1585152,1083652,3074457345619705327
3074457345618474325,1168152,1345693,3074457345618499823,3074457345618498336,1169159,903758,3074457345619385327,1392658,1095652,1145682,1456658,1373157,1482168,1634678,871458,1133170,1047675,903735,3074457345619633325,3074457345618498331,3074457345619014823,871453,903574,836236,1601659,3074457345618627320,3074457345619530824,3074457345619344827,1475160,3074457345618902324,3074457345618514829,3074457345618834325,3074457345618547828,871476,1482170,3074457345618519325,903751,3074457345619341331,3074457345619530823,3074457345619406830,3074457345619498825,787654,1068671,903541,3074457345618834322,3074457345619344823,1145675,3074457345619183319,3074457345619025834
945161,731652,3074457345619516339,1616699,3074457345619267833,3074457345619267829,903627,861658,1458167,3074457345618944321,3074457345618741324,1622659,3074457345619323324,3074457345619337327,3074457345618575862,3074457345618721837,1176160,1037161,3074457345619475825,3074457345619410819,743665,1086692,775665,1126663,3074457345619246823,903630,871463,3074457345619404321,1224165,1345691,1045176,1037164,3074457345619571330,1648652,676653,3074457345619374829,1075682,3074457345619323327,3074457345619615821,3074457345619303839,1075686,3074457345618975319,1616700,1086691,3074457345619343322,3074457345618730822,3074457345618753831,1644155,3074457345619209824,836211
836242,3074457345618599819,1470665,3074457345618886819,1678654,3074457345619214323,903781,3074457345619591319,3074457345619597319,3074457345618856334,945161,731652,3074457345619516339,1616699,3074457345619267833,3074457345619267829,903627,861658,1458167,3074457345618944321,3074457345618741324,1622659,3074457345619323324,3074457345619337327,3074457345618575862,3074457345618721837,1176160,1037161,3074457345619475825,3074457345619410819,743665,1086692,775665,1126663,3074457345619246823,903630,871463,3074457345619404321,1224165,1345691,1045176,1037164,3074457345619571330,1648652,676653,3074457345619374829,1075682,3074457345619323327,3074457345619615821,3074457345619303839
3074457345619720323,1053666,3074457345618862327,3074457345619285325,3074457345619560345,3074457345618895335,3074457345619449331,3074457345619386819,3074457345618613350,3074457345619516343,3074457345619132827,871385,3074457345619676330,3074457345619259321,3074457345618730823,1024159,903640,903611,1045198,996165,1294659,1594661,3074457345618565343,1496154,3074457345619642323,925698,3074457345619388839,3074457345619282319,1156166,871394,1021666,3074457345619031319,1209165,1053661,996164,3074457345619307825,903752,836201,3074457345618808323,1137174,3074457345619303849,3074457345618881823,837153,1404152,1496153,3074457345619242819,1353654,775663,3074457345618861324,1307655
1612670,1656663,1746662,1291168,1169160,1351158,3074457345619626332,871440,3074457345618499821,3074457345619029825,903634,3074457345618970831,1014158,1014660,3074457345618889819,3074457345618866832,3074457345618866836,3074457345619335822,979153,147159,3074457345619388838,1737665,3074457345619406826,3074457345619413320,1680152,3074457345619626338,1394662,1157154,3074457345619266321,1549661,1737670,3074457345618524820,1224166,3074457345618854346,3074457345619626333,1607154,3074457345619369827,3074457345619533335,903520,3074457345619016819,3074457345619279828,836215,3074457345618970829,3074457345618848828,3074457345619633323,943671,903606,1469654,1221653,3074457345618819820
1065152,3074457345619594823,136360,1363154,3074457345619679856,137588,1732721,1479152,1715658,3074457345619351827,3074457345619094016,3074457345619247323,3074457345619094222,3074457345618844321,1655710,1481162,1270658,1442159,727208,3074457345619454322,3074457345619373343,867156,3074457345619094062,3074457345619094225,1552664,3074457345618689825,3074457345619431861,3074457345618792325,3074457345618867825,3074457345619514319,1433191,431185,3074457345619094056,3074457345619448327,1479154,3074457345619118833,561190,139638,3074457345619448333,3074457345618885825,872158,3074457345619094057,1530657,726226,1188152,3074457345619373341,3074457345618631828,726656,1151654,3074457345619064823
3074457345619174477,250177,1673170,138228,3074457345619593821,939666,1703156,561672,1181154,3074457345619196989,1285152,3074457345619237843,3074457345619478321,743675,3074457345619035821,3074457345619094067,727408,689661,3074457345619094028,727422,3074457345619094049,756318,3074457345619092859,3074457345619448335,3074457345619373335,3074457345618980827,3074457345618824337,3074457345618826327,561669,3074457345618880834,3074457345619448329,941664,1234682,727066,3074457345618631829,727196,1342156,3074457345618574823,139381,561675,1241833,3074457345618666329,3074457345618629819,3074457345618984826,3074457345618844319,1433208,1064362,3074457345618801323,3074457345619326829,3074457345619174453
3074457345618628324,136371,3074457345619294823,3074457345618868823,1243166,3074457345619294822,139490,3074457345618514833,139374,3074457345618749819,3074457345619597820,3074457345619153319,139089,3074457345619377321,3074457345619164820,1067652,3074457345619181326,3074457345619571327,3074457345619003850,3074457345619525820,139493,1240174,136267,1338657,1282658,3074457345619571329,136599,1243167,3074457345619454323,1243169,139081,1458173,3074457345619578824,3074457345619457325,3074457345618522820,1338656,3074457345619565820,1458171,3074457345619430330,3074457345619565821,3074457345619578822,1282660,1282657,3074457345618868825,1282656,1053668,3074457345618880321,3074457345618770823,871335,1622298
941660,3074457345618719826,948781,3074457345619094052,1671186,3074457345619237833,3074457345619035827,3074457345619676022,3074457345619271855,3074457345619094060,1549657,796153,3074457345619006821,3074457345619094035,726948,3074457345619679857,726814,700660,3074457345619092841,1792657,1356158,3074457345618768329,3074457345618576335,3074457345619431849,444098,3074457345619094058,3074457345618477831,3074457345618830319,1112156,1356160,3074457345618792326,139117,1157153,3074457345619262325,1481164,10339,3074457345619431835,3074457345619373332,726662,726744,3074457345619622819,476075,3074457345618565331,1270659,949152,1370164,3074457345618875020,3074457345618515331,3074457345618824325,3074457345618885829
3074457345618998826,3074457345618519327,3074457345619025833,3074457345619533334,3074457345618547835,3074457345619385326,1068667,3074457345619359330,3074457345619436823,1291166,1345680,3074457345618991852,1630653,787655,3074457345619033821,871478,3074457345619337333,1608653,1474654,1475165,3074457345618583824,1549662,1068669,3074457345619388831,3074457345619449333,3074457345618659820,3074457345618664322,1456657,813152,274710,3074457345618695319,3074457345618547830,1047669,3074457345618995334,1291176,3074457345619045821,3074457345618494830,3074457345619385325,3074457345618991872,3074457345619385324,1622662,250192,903671,3074457345618488819,903561,3074457345618496320,3074457345618543826,1145685,1123657,3074457345618494831
136303,3074457345619454324,1695187,3074457345619600828,3074457345619430329,1695190,1395661,3074457345618982329,3074457345619525821,3074457345619590319,3074457345619600825,3074457345619583826,1695176,3074457345619457326,3074457345618514826,1695181,3074457345619003847,1053667,1412667,3074457345619430335,3074457345619294821,136224,3074457345619454325,1695188,3074457345619181325,3074457345619188819,3074457345619220829,3074457345618982328,3074457345619142820,549658,3074457345618522821,3074457345619600824,1243168,1412669,136159,3074457345618868822,3074457345619181324,3074457345619571325,1432652,3074457345619220830,1490158,1075158,836204,1130667,3074457345619613825,3074457345619613823,1695194,3074457345619578823,1075157,1169164
3074457345619220831,3074457345619212824,3074457345619600827,1695191,836202,836203,3074457345619196324,3074457345618863819,3074457345619430333,1617652,3074457345619220828,3074457345619571328,1695177,3074457345619430331,582659,1695189,1038665,3074457345618982326,3074457345619155819,3074457345619613822,3074457345618982325,3074457345619212823,1695192,1259654,139494,3074457345619220827,1075159,3074457345619164821,3074457345619395820,1695173,3074457345619402835,1695186,3074457345619220833,3074457345619516337,3074457345618868824,3074457345619212822,3074457345619220834,3074457345619613824,3074457345619571326,1695178,3074457345619212825,139489,3074457345619600826,3074457345619220835,3074457345619003848,3074457345619430332,3074457345618982324,3074457345619516344,1695182,1130666
